0300000000000000100003000000000000001000030000000000000010000300000000000000100003000000000000001000030000000000000010000300000000000000100003000000000000001000030000000000000010000300000000000000100003000000000000001000030000000000000010000300000000000000100003000000000000001000444444444444444444440300000000000000100003000000000000001000030000000000000010002322222222222222222203000000000000001000
1
3
 
4000000000000000001040000000000000000010400000000000000000104000000000000000001043333333333333333333400000000000000000104000000000000000001040000000000000000010400000000000000000102222222222222222222240000000000000000010400000000000000000104000000000000000001040000000000000000010400000000000000000104000000000000000001040000000000000000010400000000000000000104000000000000000001040000000000000000010
1
4
 
0040000000100000000000400000001000000000334333333313333333330040000000100000000000400000001000000000004000000010000000000040000000100000000000400000001000000000004000000010000000002222222222122222222200400000001000000000004000000010000000000040000000100000000000400000001000000000004000000010000000000040000000100000000000400000001000000000004000000010000000000040000000100000000000400000001000000000
0
0
 
0000001004000000000000000010040000000000000000100400000000000000001004000000000000000010040000000000000000100400000000003333331334333333333300000010040000000000000000100400000000000000001004000000000000000010040000000000000000100400000000000000001004000000000000000010040000000000000000100400000000002222222224222222222200000010040000000000000000100400000000000000001004000000000000000010040000000000
0
0
 
0000000000002000040000000000000020000400000000000000200004000000000000002000040000000000000020000400000000000000200004000000000000002000040000000000000020000400000000000000200004000000000000002000040033333333333333333333000000000000200004000000000000002000040000000000000020000400000000000000200004000000000000002000040000000000000020000400111111111111111114110000000000002000040000000000000020000400
1
4
 
0000400000000030000000004000000000300000000040000000003000001111411111111111111100004000000000300000000040000000003000000000400000000030000000004000000000300000222222222222222222220000400000000030000000004000000000300000000040000000003000000000400000000030000000004000000000300000000040000000003000000000400000000030000000004000000000300000000040000000003000000000400000000030000000004000000000300000
0
0
 
0010000000000000020000100000000000000200001000000000000002000010000000000000020044144444444444444444001000000000000002000010000000000000020000100000000000000200001000000000000002003333333333333333333300100000000000000200001000000000000002000010000000000000020000100000000000000200001000000000000002000010000000000000020000100000000000000200001000000000000002000010000000000000020000100000000000000200
1
1
 
0000000000000000012000000000000000000120000000000000000001200000000000000000012000000000000000000120000000000000000001203333333333333333332300000000000000000120000000000000000001200000000000000000012000000000000000000120000000000000000001200000000000000000012000000000000000000120444444444444444441240000000000000000012000000000000000000120000000000000000001200000000000000000012000000000000000000120
1
3
 
0000000020003000000011111111111111111111000000002000300000000000000020003000000000000000200030000000000000002000300000000000000020003000000000000000200030000000000000002000300000000000000020003000000000000000200030000000000000002000300000000000000020003000000000000000200030000000000000002000300000004444444424444444444400000000200030000000000000002000300000000000000020003000000000000000200030000000
0
0
 
0004000000000001000000040000000000010000000400000000000100000004000000000001000000040000000000010000000400000000000100000004000000000001000000040000000000010000222422222222222122220004000000000001000000040000000000010000000400000000000100000004000000000001000033343333333333333333000400000000000100000004000000000001000000040000000000010000000400000000000100000004000000000001000000040000000000010000
1
3
 
0000000000100000000300000000001000000003000000000010000000030000000000100000000300000000001000000003000000000010000000034444444444144444444300000000001000000003000000000010000000030000000000100000000300000000001000000003222222222212222222220000000000100000000300000000001000000003000000000010000000030000000000100000000300000000001000000003000000000010000000030000000000100000000300000000001000000003
0
0
 
0030000000000000010000300000000000000100003000000000000001000030000000000000010000300000000000000100003000000000000001000030000000000000010000300000000000000100003000000000000001004444444444444444414400300000000000000100223222222222222221220030000000000000010000300000000000000100003000000000000001000030000000000000010000300000000000000100003000000000000001000030000000000000010000300000000000000100
0
0
 
0000300000000000040000003000000000000400000030000000000004000000300000000000040022223222222222222222000030000000000004000000300000000000040000003000000000000400000030000000000004000000300000000000040000003000000000000400000030000000000004000000300000000000040000003000000000000400000030000000000004000000300000000000040011113111111111111411000030000000000004000000300000000000040000003000000000000400
1
2
 
0000001000000000000200000010000000000002444444144444444444420000001000000000000200000010000000000002000000100000000000020000001000000000000200000010000000000002000000100000000000020000001000000000000200000010000000000002000000100000000000020000001000000000000200000010000000000002333333333333333333320000001000000000000200000010000000000002000000100000000000020000001000000000000200000010000000000002
1
3
 
0000003000004000000000000030000040000000000000300000400000000000003000004000000000000030000040000000000000300000400000000000003000004000000000000030000040000000000000300000400000000000003000004000000011111131111141111111222222322222222222220000003000004000000000000030000040000000000000300000400000000000003000004000000000000030000040000000000000300000400000000000003000004000000000000030000040000000
1
2
 
0000400000000000020000004000000000000200000040000000000002000000400000000000020000004000000000000200000040000000000002000000400000000000020000004000000000000200000040000000000002000000400000000000020000004000000000000200333333333333333332330000400000000000020000004000000000000200000040000000000002000000400000000000020000004000000000000200000040000000000002001111411111111111121100004000000000000200
1
3
 
0000000000000300001000000000000003000010000000000000030000100000000000000300001022222222222222222222000000000000030000100000000000000300001000000000000003000010000000000000030000100000000000000300001000000000000003000010000000000000030000100000000000000300001000000000000003000010000000000000030000100000000000000300001044444444444444444414000000000000030000100000000000000300001000000000000003000010
0
0
 
1000040000000000000010000400000000000000100004000000000000001000040000000000000010000400000000000000100004000000000000001000040000000000000010000400000000000000100004000000000000001000040000000000000012222222222222222222100004000000000000001000040000000000000010000400000000000000100004000000000000001000040000000000000010000400000000000000133334333333333333331000040000000000000010000400000000000000
0
0
 
0000000000000300040000000000000003000400000000000000030004000000000000000300040000000000000003000400000000000000030004000000000000000300040000000000000003000400111111111111131114110000000000000300040000000000000003000400222222222222222224220000000000000300040000000000000003000400000000000000030004000000000000000300040000000000000003000400000000000000030004000000000000000300040000000000000003000400
1
2
 
0400000000000000200004000000000000002000040000000000000020001411111111111111111104000000000000002000040000000000000020000400000000000000200004000000000000002000040000000000000020000400000000000000200004000000000000002000040000000000000020000400000000000000200034333333333333332333040000000000000020000400000000000000200004000000000000002000040000000000000020000400000000000000200004000000000000002000
0
0
 
0003000000002000000000030000000020000000000300000000200000000003000000002000000000030000000020000000000300000000200000000003000000002000000000030000000020000000000300000000200000000003000000002000000044434444444444444444000300000000200000000003000000002000000000030000000020000000000300000000200000000003000000002000000000030000000020000000111311111111211111110003000000002000000000030000000020000000
1
4
 
0000000000030000000100000000000300000001000000000003000000010000000000030000000100000000000300000001000000000003000000010000000000030000000144444444444344444441000000000003000000010000000000030000000100000000000300000001000000000003000000010000000000030000000122222222222222222221000000000003000000010000000000030000000100000000000300000001000000000003000000010000000000030000000100000000000300000001
0
0
 
0000000000010000000400000000000100000004000000000001000000040000000000010000000400000000000100000004000000000001000000040000000000010000000422222222222222222222000000000001000000040000000000010000000400000000000100000004000000000001000000040000000000010000000400000000000100000004000000000001000000040000000000010000000433333333333133333333000000000001000000040000000000010000000400000000000100000004
0
0
 
3132333333333333333301020000000000000000010200000000000000000102000000000000000001020000000000000000414444444444444444440102000000000000000001020000000000000000010200000000000000000102000000000000000001020000000000000000010200000000000000000102000000000000000001020000000000000000010200000000000000000102000000000000000001020000000000000000010200000000000000000102000000000000000001020000000000000000
0
0
 
4444444344444444444400000003000002000000000000030000020000000000000300000200000000000003000002000000000000030000020000000000000300000200000000000003000002000000000000030000020000000000000300000200000000000003000002000000111111111111111111110000000300000200000000000003000002000000000000030000020000000000000300000200000000000003000002000000000000030000020000000000000300000200000000000003000002000000
0
0
 
2222222222222322222400000000000003000004000000000000030000040000000000000300000400000000000003000004000000000000030000040000000000000300000400000000000003000004000000000000030000040000000000000300000400000000000003000004000000000000030000040000000000000300000400000000000003000004000000000000030000040000000000000300000400000000000003000004000000000000030000040000000000000300000411111111111113111111
1
1
 
4000000000000000030022222222222222222222400000000000000003004000000000000000030040000000000000000300400000000000000003001111111111111111131140000000000000000300400000000000000003004000000000000000030040000000000000000300400000000000000003004000000000000000030040000000000000000300400000000000000003004000000000000000030040000000000000000300400000000000000003004000000000000000030040000000000000000300
1
3
 
1111111113111111111122222222232422222222000000000304000000000000000003040000000000000000030400000000000000000304000000000000000003040000000000000000030400000000000000000304000000000000000003040000000000000000030400000000000000000304000000000000000003040000000000000000030400000000000000000304000000000000000003040000000000000000030400000000000000000304000000000000000003040000000000000000030400000000
1
1
 
0000000000000310000000000000000003100000000000000000031000000000000000000310000000000000000003100000000000000000031000000000000000000310000044444444444444144444222222222222231222220000000000000310000000000000000003100000000000000000031000000000000000000310000000000000000003100000000000000000031000000000000000000310000000000000000003100000000000000000031000000000000000000310000000000000000003100000
0
0
 
0000000001300000000000000000013000000000000000000130000000000000000001300000000022222222223222222222444444444134444444440000000001300000000000000000013000000000000000000130000000000000000001300000000000000000013000000000000000000130000000000000000001300000000000000000013000000000000000000130000000000000000001300000000000000000013000000000000000000130000000000000000001300000000000000000013000000000
1
2
 
0003000000000000200000030000000000002000000300000000000020000003000000000000200044444444444444444444000300000000000020000003000000000000200000030000000000002000000300000000000020000003000000000000200000030000000000002000111111111111111121110003000000000000200000030000000000002000000300000000000020000003000000000000200000030000000000002000000300000000000020000003000000000000200000030000000000002000
0
0
 
0300020000000000000003000200000000000000030002000000000000004444424444444444444403000200000000000000131112111111111111110300020000000000000003000200000000000000030002000000000000000300020000000000000003000200000000000000030002000000000000000300020000000000000003000200000000000000030002000000000000000300020000000000000003000200000000000000030002000000000000000300020000000000000003000200000000000000
1
4
 
0000030000040000000000000300000400000000000003000004000000000000030000040000000000000300000400000000000003000004000000000000030000040000000000000300000400000000000003000004000000000000030000040000000000000300000400000000222222222222222222220000030000040000000000000300000400000000000003000004000000000000030000040000000011111311111111111111000003000004000000000000030000040000000000000300000400000000
1
3
 
0000000000010000000300000000000100000003000000000001000000030000000000010000000300000000000100000003000000000001000000030000000000010000000300000000000100000003000000000001000000030000000000010000000300000000000100000003000000000001000000030000000000010000000300000000000100000003000000000001000000030000000000010000000300000000000100000003222222222221222222230000000000010000000344444444444144444444
0
0
 
0000000013000000000000000000130000000000222222222222222222220000000013000000000000000000130000000000000000001300000000000000000013000000000000000000130000000000000000001300000000000000000013000000000000000000130000000000000000001300000000000000000013000000000000000000130000000000000000001300000000004444444443444444444400000000130000000000000000001300000000000000000013000000000000000000130000000000
1
3
 
1131111111211111111100300000002000000000003000000020000000000030000000200000000000300000002000000000444444444424444444440030000000200000000000300000002000000000003000000020000000000030000000200000000000300000002000000000003000000020000000000030000000200000000000300000002000000000003000000020000000000030000000200000000000300000002000000000003000000020000000000030000000200000000000300000002000000000
1
4
 
4444444444444443442400000000000000030020000000000000000300200000000000000003002000000000000000030020000000000000000300200000000000000003002000000000000000030020000000000000000300200000000000000003002000000000000000030020111111111111111311110000000000000003002000000000000000030020000000000000000300200000000000000003002000000000000000030020000000000000000300200000000000000003002000000000000000030020
1
1
 
2000400000000000000020004000000000000000200040000000000000002000400000000000000020004000000000000000200040000000000000002000400000000000000020004000000000000000200040000000000000002111111111111111111123334333333333333333200040000000000000002000400000000000000020004000000000000000200040000000000000002000400000000000000020004000000000000000200040000000000000002000400000000000000020004000000000000000
0
0
 
0000100000000002000000001000000000020000000010000000000200000000100000000002000000001000000000020000000010000000000200000000100000000002000000001000000000020000000010000000000200000000100000000002000000001000000000020000000010000000000200000000100000000002000044444444444444424444000010000000000200000000100000000002000000001000000000020000333333333333333333330000100000000002000000001000000000020000
1
2
 
0000000000200000300000000000002000003000000000000020000030000000000000200000300000000000002000003000000000000020000030001111111111111111111100000000002000003000000000000020000030000000000000200000300000000000002000003000000000000020000030000000000000200000300000000000002000003000000000000020000030000000000000200000300000000000002000003000444444444424444444440000000000200000300000000000002000003000
0
0
 
0004020000000000000000040200000000000000000402000000000000000004020000000000000000040200000000000000333432333333333333330004020000000000000000040200000000000000000402000000000000000004020000000000000000040200000000000000000402000000000000000004020000000000000011111211111111111111000402000000000000000004020000000000000000040200000000000000000402000000000000000004020000000000000000040200000000000000
0
0
 
2222222222222222222200100000000000004000001000000000000040000010000000000000400000100000000000004000001000000000000040000010000000000000400000100000000000004000331333333333333333330010000000000000400000100000000000004000001000000000000040000010000000000000400000100000000000004000001000000000000040000010000000000000400000100000000000004000001000000000000040000010000000000000400000100000000000004000
0
0
 
0003000000400000000000030000004000000000000300000040000000000003000000400000000000030000004000000000000300000040000000000003000000400000000000030000004000000000111111111111111111112223222222222222222200030000004000000000000300000040000000000003000000400000000000030000004000000000000300000040000000000003000000400000000000030000004000000000000300000040000000000003000000400000000000030000004000000000
0
0
 
2000000000000300000020000000000003000000200000000000030000002000000000000300000020000000000003000000244444444444444444442000000000000300000020000000000003000000200000000000030000002000000000000300000020000000000003000000200000000000030000002000000000000300000020000000000003000000211111111111131111112000000000000300000020000000000003000000200000000000030000002000000000000300000020000000000003000000
1
4
 
1111111111111111111100000000400000003000000000004000000030000000000040000000300000000000400000003000000000004000000030000000000040000000300000000000400000003000000000004000000030000000000040000000300000000000400000003000000000004000000030000000000040000000300022222222422222222222000000004000000030000000000040000000300000000000400000003000000000004000000030000000000040000000300000000000400000003000
0
0
 
0000000000000020040000000000000000200400333333333333332334330000000000000020040000000000000000200400000000000000002004000000000000000020040000000000000000200400000000000000002004000000000000000020040000000000000000200400000000000000002004000000000000000020040000000000000000200400000000000000002004001111111111111111141100000000000000200400000000000000002004000000000000000020040000000000000000200400
0
0
 
0000000000400000000200000000004000000002000000000040000000020000000000400000000200000000004000000002333333333333333333320000000000400000000200000000004000000002000000000040000000020000000000400000000200000000004000000002000000000040000000020000000000400000000200000000004000000002000000000040000000020000000000400000000200000000004000000002111111111141111111120000000000400000000200000000004000000002
1
3
 
3444444444444444444430000000000000000010300000000000000000103000000000000000001030000000000000000010300000000000000000103000000000000000001030000000000000000010300000000000000000102222222222222222222230000000000000000010300000000000000000103000000000000000001030000000000000000010300000000000000000103000000000000000001030000000000000000010300000000000000000103000000000000000001030000000000000000010
1
3
 
0000000400000000001000000004000000000010000000040000000000100000000400000000001000000004000000000010000000040000000000100000000400000000001000000004000000000010000000040000000000100000000400000000001000000004000000000010000000040000000000103333333333333333333300000004000000000010000000040000000000100000000400000000001000000004000000000010222222222222222222120000000400000000001000000004000000000010
1
1
 
0000040000002000000000000400000020000000000004000000200000000000040000002000000000000400000020000000333334333333233333330000040000002000000000000400000020000000000004000000200000000000040000002000000000000400000020000000000004000000200000000000040000002000000000000400000020000000000004000000200000001111141111111111111100000400000020000000000004000000200000000000040000002000000000000400000020000000
0
0
 
0000000004000100000000000000040001000000000000000400010000000000000004000100000000000000040001000000000000000400010000003333333333333133333300000000040001000000000000000400010000000000000004000100000000000000040001000000000000000400010000002222222224222122222200000000040001000000000000000400010000000000000004000100000000000000040001000000000000000400010000000000000004000100000000000000040001000000
0
0
 
3333333333333323333300000000000000210000000000000000002100004444444444444421444400000000000000210000000000000000002100000000000000000021000000000000000000210000000000000000002100000000000000000021000000000000000000210000000000000000002100000000000000000021000000000000000000210000000000000000002100000000000000000021000000000000000000210000000000000000002100000000000000000021000000000000000000210000
1
3
 
0301000000000000000003010000000000000000030100000000000000000301000000000000000003010000000000000000030100000000000000000301000000000000000003010000000000000000030100000000000000000301000000000000000022222222222222222222030100000000000000000301000000000000000043444444444444444444030100000000000000000301000000000000000003010000000000000000030100000000000000000301000000000000000003010000000000000000
1
3
 
0000000000100000020044444444444444444444000000000010000002000000000000100000020000000000001000000200000000000010000002000000000000100000020000000000001000000200333333333333333332330000000000100000020000000000001000000200000000000010000002000000000000100000020000000000001000000200000000000010000002000000000000100000020000000000001000000200000000000010000002000000000000100000020000000000001000000200
1
2
 
0000000000000002100000000000000000021000000000000000000210000000000000000002100000000000000000021000000000000000000210000000000000000002100000000000000000021000000000000000000210000000000000000002100000000000000000021000000000000000000210000000000000000002100000000000000000021000000000000000000210004444444444444442444433333333333333321333000000000000000210000000000000000002100000000000000000021000
0
0
 
0000000003000000002044444444434444444444000000000300000000200000000003000000002000000000030000000020000000000300000000200000000003000000002000000000030000000020000000000300000000200000000003000000002000000000030000000020000000000300000000200000000003000000002000000000030000000020111111111111111111110000000003000000002000000000030000000020000000000300000000200000000003000000002000000000030000000020
0
0
 
0000004000300000000000000040003000000000000000400030000000000000004000300000000000000040003000000000000000400030000000000000004000300000000000000040003000000000000000400030000000000000004000300000000000000040003000000000111111111111111111110000004000300000000000000040003000000000000000400030000000000000004000300000000000000040003000000000222222222232222222220000004000300000000000000040003000000000
0
0
 
0000000000000100030000000000000001000300000000000000010003000000000000000100030000000000000001000300444444444444444444440000000000000100030000000000000001000300000000000000010003000000000000000100030000000000000001000300222222222222222223220000000000000100030000000000000001000300000000000000010003000000000000000100030000000000000001000300000000000000010003000000000000000100030000000000000001000300
1
3
 
0000000000003000100000000000000030001000000000000000300010000000000000003000100022222222222232222222000000000000300010004444444444443444144400000000000030001000000000000000300010000000000000003000100000000000000030001000000000000000300010000000000000003000100000000000000030001000000000000000300010000000000000003000100000000000000030001000000000000000300010000000000000003000100000000000000030001000
1
2
 
0000000000420000000000000000004200000000000000000042000000000000000000420000000000000000004200000000000000000042000000000000000000420000000000000000004200000000000000000042000000000000000000420000000033333333333333333333000000000042000000000000000000420000000000000000004200000000000000000042000000000000000000420000000000000000004200000000000000000042000000000000000000420000000011111111114111111111
1
4
 
2000000000000000030020000000000000000300211111111111111113112000000000000000030020000000000000000300200000000000000003002000000000000000030020000000000000000300200000000000000003002000000000000000030020000000000000000300200000000000000003002000000000000000030024444444444444444444200000000000000003002000000000000000030020000000000000000300200000000000000003002000000000000000030020000000000000000300
1
4
 
0000000040300000000011111111111111111111000000004030000000000000000040300000000000000000403000000000000000004030000000000000000040300000000000000000403000000000000000004030000000000000000040300000000000000000403000000000000000004030000000000000000040300000000000000000403000000000000000004030000000000000000040300000000000000000403000000000000000004030000000002222222222322222222200000000403000000000
0
0
 
0000200000100000000000002000001000000000000020000010000000000000200000100000000000002000001000000000444444444414444444440000200000100000000000002000001000000000000020000010000000000000200000100000000000002000001000000000000020000010000000003333233333133333333300002000001000000000000020000010000000000000200000100000000000002000001000000000000020000010000000000000200000100000000000002000001000000000
0
0
 
2222223222222222222200004030000000000000000040300000000000000000403000000000000000004030000000000000000040300000000000000000403000000000000000004030000000000000000040300000000000000000403000000000000000004030000000000000000040300000000000000000403000000000000000004030000000000000111111111111111111110000403000000000000000004030000000000000000040300000000000000000403000000000000000004030000000000000
0
0
 
0000000000000400003000000000000004000030000000000000040000300000000000000400003000000000000004000030000000000000040000300000000000000400003000000000000004000030000000000000040000300000000000000400003011111111111111111111000000000000040000300000000000000400003000000000000004000030000000000000040000300000000000000400003000000000000004000030000000000000040000302222222222222222223200000000000004000030
0
0
 
0040002000000000000000400020000000000000004000200000000000000040002000000000000033433333333333333333111111111111111111110040002000000000000000400020000000000000004000200000000000000040002000000000000000400020000000000000004000200000000000000040002000000000000000400020000000000000004000200000000000000040002000000000000000400020000000000000004000200000000000000040002000000000000000400020000000000000
0
0
 
2000000000000030000020000000000000300000200000000000003000002000000000000030000020000000000000300000200000000000003000002000000000000030000011111111111111111111200000000000003000002444444444444444444420000000000000300000200000000000003000002000000000000030000020000000000000300000200000000000003000002000000000000030000020000000000000300000200000000000003000002000000000000030000020000000000000300000
0
0
 
4000000000000010000040000000000000100000222222222222221222224000000000000010000040000000000000100000400000000000001000004000000000000010000040000000000000100000400000000000001000004000000000000010000040000000000000100000400000000000001000004000000000000010000040000000000000100000400000000000001000004000000000000010000040000000000000100000333333333333333333334000000000000010000040000000000000100000
1
1
 
0000300400000000000000003004000000000000000030040000000000000000300400000000000000003004000000000000000030040000000000000000300400000000000022223224222222222222000030040000000000000000300400000000000000003004000000000000000030040000000000000000300400000000000000003004000000000000000030040000000000000000300400000000000000003004000000000000000030040000000000001111311111111111111100003004000000000000
1
1
 
1111111111111114111100002000000000040000000020000000000400000000200000000004000000002000000000040000000020000000000400000000200000000004000000002000000000040000333323333333333433330000200000000004000000002000000000040000000020000000000400000000200000000004000000002000000000040000000020000000000400000000200000000004000000002000000000040000000020000000000400000000200000000004000000002000000000040000
0
0
 
4444444444442444444400000000000020000003111111111111111111110000000000002000000300000000000020000003000000000000200000030000000000002000000300000000000020000003000000000000200000030000000000002000000300000000000020000003000000000000200000030000000000002000000300000000000020000003000000000000200000030000000000002000000300000000000020000003000000000000200000030000000000002000000300000000000020000003
0
0
 
0000000000000200000433333333333332333334000000000000020000040000000000000200000400000000000002000004000000000000020000040000000000000200000400000000000002000004000000000000020000040000000000000200000400000000000002000004000000000000020000040000000000000200000400000000000002000004000000000000020000041111111111111211111100000000000002000004000000000000020000040000000000000200000400000000000002000004
0
0
 
0000100300000000000000001003000000000000222222232222222222220000100300000000000000001003000000000000000010030000000000000000100300000000000000001003000000000000000010030000000000000000100300000000000000001003000000000000000010030000000000000000100300000000000000001003000000000000000010030000000000000000100300000000000000001003000000000000444414434444444444440000100300000000000000001003000000000000
1
2
 
0000040000030000000000000400000300000000000004000003000000000000040000030000000000000400000300000000000004000003000000000000040000030000000000000400000300000000000004000003000000002222222222232222222200000400000300000000000004000003000000000000040000030000000000000400000300000000000004000003000000000000040000030000000011111411111311111111000004000003000000000000040000030000000000000400000300000000
1
2
 
0030000000002000000000300000000020000000003000000000200000000030000000002000000000300000000020000000003000000000200000004434444444442444444400300000000020000000003000000000200000000030000000002000000000300000000020000000003000000000200000000030000000002000000000300000000020000000113111111111111111110030000000002000000000300000000020000000003000000000200000000030000000002000000000300000000020000000
1
1
 
0140000000000000000001400000000000000000014000000000000000000140000000000000000001400000000000000000014000000000000000002242222222222222222201400000000000000000014000000000000000000140000000000000000001400000000000000000014000000000000000000140000000000000000001400000000000000000014000000000000000000140000000000000000001400000000000000000014000000000000000003143333333333333333301400000000000000000
0
0
 
0000100000000000000400001000000000000004333333333333333333340000100000000000000400001000000000000004000010000000000000040000100000000000000400001000000000000004000010000000000000042222222222222222222200001000000000000004000010000000000000040000100000000000000400001000000000000004000010000000000000040000100000000000000400001000000000000004000010000000000000040000100000000000000400001000000000000004
1
4
 
0002000000000000300000020000000000003000000200000000000030000002000000000000300000020000000000003000000200000000000030000002000000000000300000020000000000003000000200000000000030000002000000000000300000020000000000003000000200000000000030004444444444444444344400020000000000003000000200000000000030000002000000000000300000020000000000003000111211111111111131110002000000000000300000020000000000003000
1
4
 
0300000020000000000003000000200000000000030000002000000000000300000020000000000003000000200000000000030000002000000000000300000020000000000003000000200000000000434444444444444444440300000020000000000003000000200000000000030000002000000000001111111111111111111103000000200000000000030000002000000000000300000020000000000003000000200000000000030000002000000000000300000020000000000003000000200000000000
0
0
 
0000000000000030200000000000000000302000000000000000003020000000000000000030200000000000000000302000000000000000003020000000000000000030200000000000000000302000000000000000003020004444444444444434444400000000000000302000000000000000003020000000000000000030200011111111111111111111000000000000003020000000000000000030200000000000000000302000000000000000003020000000000000000030200000000000000000302000
0
0
 
0000000000400020000000000000004000200000000000000040002000000000000000400020000000000000004000200000000000000040002000000000000000400020000000000000004000200000000000000040002000000000000000400020000000000000004000200000000000000040002000000000000000400020000000000000004000200000111111111111111111110000000000400020000033333333334333333333000000000040002000000000000000400020000000000000004000200000
0
0
 
0000000000000320000000000000000003200000000000000000032000000000000000000320000000000000000003200000000000000000032000000000000000000320000000000000000003200000000000000000032000000000000000000320000000000000000003200000444444444444432444440000000000000320000000000000000003200000000000000000032000001111111111111311111100000000000003200000000000000000032000000000000000000320000000000000000003200000
1
1
 
0000000000000042000000000000000000420000000000000000004200000000000000000042000000000000000000420000000000000000004200000000000000000042000011111111111111411111000000000000004200000000000000000042000000000000000000420000333333333333334233330000000000000042000000000000000000420000000000000000004200000000000000000042000000000000000000420000000000000000004200000000000000000042000000000000000000420000
0
0
 
0000030000000000002044444444444444444424000003000000000000200000030000000000002000000300000000000020000003000000000000200000030000000000002011111311111111111121000003000000000000200000030000000000002000000300000000000020000003000000000000200000030000000000002000000300000000000020000003000000000000200000030000000000002000000300000000000020000003000000000000200000030000000000002000000300000000000020
1
4
 
0000000030000004000000000000300000040000000000003000000400000000000030000004000000000000300000040000222222222222222222220000000030000004000000000000300000040000000000003000000400000000000030000004000000000000300000040000000000003000000400000000000030000004000011111111111111141111000000003000000400000000000030000004000000000000300000040000000000003000000400000000000030000004000000000000300000040000
0
0
 
1111111111111114111103000000000000040000030000000000000400000300000000000004000003000000000000040000030000000000000400000300000000000004000003000000000000040000030000000000000400000300000000000004000003000000000000040000030000000000000400000300000000000004000003000000000000040000030000000000000400002222222222222222222203000000000000040000030000000000000400000300000000000004000003000000000000040000
0
0
 
2000003000000000000020000030000000000000200000300000000000002000003000000000000021111131111111111111200000300000000000002000003000000000000020000030000000000000200000300000000000002000003000000000000020000030000000000000200000300000000000002000003000000000000020000030000000000000444444344444444444442000003000000000000020000030000000000000200000300000000000002000003000000000000020000030000000000000
1
4
 
0000000000020000000311111111111211111113000000000002000000030000000000020000000300000000000200000003000000000002000000030000000000020000000300000000000200000003000000000002000000030000000000020000000344444444444244444444000000000002000000030000000000020000000300000000000200000003000000000002000000030000000000020000000300000000000200000003000000000002000000030000000000020000000300000000000200000003
1
4
 
2322222222222222222203000100000000000000030001000000000000000300010000000000000044444444444444444444030001000000000000000300010000000000000003000100000000000000030001000000000000000300010000000000000003000100000000000000030001000000000000000300010000000000000003000100000000000000030001000000000000000300010000000000000003000100000000000000030001000000000000000300010000000000000003000100000000000000
1
3
 
2222222222212222222200000000000100000400333333333331333334330000000000010000040000000000000100000400000000000001000004000000000000010000040000000000000100000400000000000001000004000000000000010000040000000000000100000400000000000001000004000000000000010000040000000000000100000400000000000001000004000000000000010000040000000000000100000400000000000001000004000000000000010000040000000000000100000400
0
0
 
2222222222222222222200000000340000000000000000003400000000000000000034000000000000000000340000000000000000003400000000000000000034000000000000000000340000000000000000003400000000000000000034000000000000000000340000000000000000003400000000001111111114111111111100000000340000000000000000003400000000000000000034000000000000000000340000000000000000003400000000000000000034000000000000000000340000000000
0
0
 
4444444444444443444400000000000000030010000000000000000300100000000000000003001000000000000000030010000000000000000300100000000000000003001022222222222222222222000000000000000300100000000000000003001000000000000000030010000000000000000300100000000000000003001000000000000000030010000000000000000300100000000000000003001000000000000000030010000000000000000300100000000000000003001000000000000000030010
1
3
 
0020000000000030000000200000000000300000002000000000003000000020000000000030000000200000000000300000002000000000003000000020000000000030000000200000000000300000002000000000003000004424444444444444444400200000000000300000002000000000003000000020000000000030000000200000000000300000002000000000003000000020000000000030000000200000000000300000111111111111111111110020000000000030000000200000000000300000
0
0
 
0100000000004000000001000000000040000000313333333333433333330100000000004000000001000000000040000000010000000000400000000100000000004000000001000000000040000000010000000000400000000100000000004000000001000000000040000000010000000000400000000100000000004000000021222222222222222222010000000000400000000100000000004000000001000000000040000000010000000000400000000100000000004000000001000000000040000000
0
0
 
0000000000003000000200000000000030000002000000000000300000020000000000003000000200000000000030000002000000000000300000021111111111113111111200000000000030000002000000000000300000020000000000003000000200000000000030000002000000000000300000020000000000003000000200000000000030000002000000000000300000020000000000003000000244444444444434444444000000000000300000020000000000003000000200000000000030000002
1
4
 
0000400020000000000000004000200000000000000040002000000000000000400020000000000000004000200000000000000040002000000000000000400020000000000000004000200000000000000040002000000000000000400020000000000000004000200000000000333343333333333333330000400020000000000000004000200000000000000040002000000000000000400020000000000000004000200000000000000040002000000000001111411121111111111100004000200000000000
1
3
 
0010030000000000000000100300000000000000001003000000000000000010030000000000000000100300000000000000001003000000000000000010030000000000000000100300000000000000001003000000000000000010030000000000000044444344444444444444001003000000000000000010030000000000000000100300000000000000001003000000000000002222222222222222222200100300000000000000001003000000000000000010030000000000000000100300000000000000
1
3
 
2000000000040000000020000000000400000000200000000004000000002000000000040000000020000000000400000000200000000004000000002000000000040000000020000000000400000000200000000004000000002000000000040000000020000000000400000000200000000004000000001111111111141111111120000000000400000000200000000004000000003333333333333333333320000000000400000000200000000004000000002000000000040000000020000000000400000000
1
4
 
0000040000000010000000000400000000100000000004000000001000000000040000000010000000000400000000100000000004000000001000000000040000000010000000000400000000100000222222222222222222220000040000000010000000000400000000100000000004000000001000000000040000000010000000000400000000100000000004000000001000000000040000000010000033333433333333333333000004000000001000000000040000000010000000000400000000100000
1
4
 
4444444444444424444400000000010000200000000000000100002000003333333331333323333300000000010000200000000000000100002000000000000001000020000000000000010000200000000000000100002000000000000001000020000000000000010000200000000000000100002000000000000001000020000000000000010000200000000000000100002000000000000001000020000000000000010000200000000000000100002000000000000001000020000000000000010000200000
0
0
 
0000000032000000000000000000320000000000000000003200000000000000000032000000000000000000320000000000000000003200000000000000000032000000000000000000320000000000000000003200000000000000000032000000000000000000320000000000111111113111111111110000000032000000000000000000320000000000000000003200000000000000000032000000000000000000320000000000000000003200000000004444444444444444444400000000320000000000
1
3
 
0000000021000000000000000000210000000000000000002100000000000000000021000000000000000000210000000000000000002100000000000000000021000000000000000000210000000000444444444144444444440000000021000000000000000000210000000000000000002100000000000000000021000000000033333333213333333333000000002100000000000000000021000000000000000000210000000000000000002100000000000000000021000000000000000000210000000000
0
0
 
0001000000000000003000010000000000000030000100000000000000300001000000000000003000010000000000000030000100000000000000300001000000000000003000010000000000000030000100000000000000300001000000000000003000010000000000000030000100000000000000302222222222222222223244444444444444444444000100000000000000300001000000000000003000010000000000000030000100000000000000300001000000000000003000010000000000000030
1
3
 
0000000010000000004000000000100000000040000000001000000000400000000010000000004000000000100000000040000000001000000000400000000010000000004000000000100000000040333333333333333333330000000010000000004000000000100000000040000000001000000000400000000010000000004000000000100000000040222222221222222222220000000010000000004000000000100000000040000000001000000000400000000010000000004000000000100000000040
1
1
 
0000002000000000000100000020000000000001000000200000000000014444442444444444444100000020000000000001000000200000000000013333332333333333333300000020000000000001000000200000000000010000002000000000000100000020000000000001000000200000000000010000002000000000000100000020000000000001000000200000000000010000002000000000000100000020000000000001000000200000000000010000002000000000000100000020000000000001
1
3
 
0200000000000000004002000000000000000040020000000000000000400200000000000000004002000000000000000040020000000000000000400200000000000000004002000000000000000040333333333333333333330200000000000000004002000000000000000040020000000000000000400200000000000000004002000000000000000040020000000000000000401211111111111111111102000000000000000040020000000000000000400200000000000000004002000000000000000040
1
2
 
0200400000000000000002004000000000000000333333333333333333330200400000000000000002004000000000000000020040000000000000000200400000000000000002004000000000000000020040000000000000000200400000000000000002004000000000000000111141111111111111110200400000000000000002004000000000000000020040000000000000000200400000000000000002004000000000000000020040000000000000000200400000000000000002004000000000000000
1
4
 
0000000000000000004200000000000000000042333333333333333333430000000000000000004200000000000000000042000000000000000000420000000000000000004211111111111111111142000000000000000000420000000000000000004200000000000000000042000000000000000000420000000000000000004200000000000000000042000000000000000000420000000000000000004200000000000000000042000000000000000000420000000000000000004200000000000000000042
1
3
 
0000000000100000002000000000001000000020000000000010000000200000000000100000002000000000001000000020000000000010000000200000000000100000002000000000001000000020333333333313333333230000000000100000002000000000001000000020000000000010000000200000000000100000002044444444441444444444000000000010000000200000000000100000002000000000001000000020000000000010000000200000000000100000002000000000001000000020
0
0
 
0000000004000300000000000000040003000000000000000400030000000000000004000300000000000000040003000000000000000400030000002222222224222222222200000000040003000000000000000400030000000000000004000300000000000000040003000000000000000400030000000000000004000300000000000000040003000000000000000400030000000000000004000300000000000000040003000000000000000400030000000000000004000300000011111111141113111111
1
2
 
0000000000004020000000000000000040200000000000000000402000000000000000004020000000000000000040200000000000000000402000000000000000004020000000000000000040200000000000000000402000001111111111111121111100000000000040200000000000000000402000000000000000004020000033333333333343233333000000000000402000000000000000004020000000000000000040200000000000000000402000000000000000004020000000000000000040200000
0
0
 
4424443444444444444411111131111111111111002000300000000000000020003000000000000000200030000000000000002000300000000000000020003000000000000000200030000000000000002000300000000000000020003000000000000000200030000000000000002000300000000000000020003000000000000000200030000000000000002000300000000000000020003000000000000000200030000000000000002000300000000000000020003000000000000000200030000000000000
1
1
 
0004000000000000200000040000000000002000000400000000000020000004000000000000200000040000000000002000000400000000000020000004000000000000200000040000000000002000000400000000000020000004000000000000200000040000000000002000111411111111111111110004000000000000200000040000000000002000000400000000000020000004000000000000200000040000000000002000000400000000000020003334333333333333233300040000000000002000
0
0
 
0200001000000000000002000010000000000000020000100000000000000200001000000000000002000010000000000000020000100000000000003333331333333333333302000010000000000000020000100000000000000200001000000000000044444444444444444444020000100000000000000200001000000000000002000010000000000000020000100000000000000200001000000000000002000010000000000000020000100000000000000200001000000000000002000010000000000000
0
0
 
0100000000000020000044444444444444244444010000000000002000000100000000000020000001000000000000200000010000000000002000000100000000000020000001000000000000200000313333333333332333330100000000000020000001000000000000200000010000000000002000000100000000000020000001000000000000200000010000000000002000000100000000000020000001000000000000200000010000000000002000000100000000000020000001000000000000200000
0
0
 
1000000004000000000010000000040000000000333333333333333333331000000004000000000010000000040000000000122222222222222222221000000004000000000010000000040000000000100000000400000000001000000004000000000010000000040000000000100000000400000000001000000004000000000010000000040000000000100000000400000000001000000004000000000010000000040000000000100000000400000000001000000004000000000010000000040000000000
1
1
 
1030000000000000000010300000000000000000103000000000000000001030000000000000000010300000000000000000103000000000000000001030000000000000000022222222222222222222103000000000000000001444444444444444444410300000000000000000103000000000000000001030000000000000000010300000000000000000103000000000000000001030000000000000000010300000000000000000103000000000000000001030000000000000000010300000000000000000
0
0
 
4000000300000000000040000003000000000000222222232222222222224000000300000000000040000003000000000000411111131111111111114000000300000000000040000003000000000000400000030000000000004000000300000000000040000003000000000000400000030000000000004000000300000000000040000003000000000000400000030000000000004000000300000000000040000003000000000000400000030000000000004000000300000000000040000003000000000000
1
2
 
0000200001000000000000002000010000000000000020000100000000000000200001000000000000002000010000000000000020000100000000004444244441444444444400002000010000000000000020000100000000000000200001000000000000002000010000000000000020000100000000000000200001000000000000002000010000000000000020000100000000003333233333333333333300002000010000000000000020000100000000000000200001000000000000002000010000000000
1
3
 
3333333313333333333200000000100000000002000000001000000000020000000010000000000200000000100000000002000000001000000000020000000010000000000200000000100000000002000000001000000000020000000010000000000200000000100000000002000000001000000000020000000010000000000200000000100000000002000000001000000000024444444444444444444200000000100000000002000000001000000000020000000010000000000200000000100000000002
0
0
 
0000000100000002000000000001000000020000000000010000000200000000000100000002000000000001000000020000000000010000000200000000000100000002000044444441444444444444000000010000000200000000000100000002000033333331333333323333000000010000000200000000000100000002000000000001000000020000000000010000000200000000000100000002000000000001000000020000000000010000000200000000000100000002000000000001000000020000
0
0
 
0000000000002030000000000000000020300000000000000000203000004444444444442444444400000000000020300000000000000000203000000000000000002030000000000000000020300000000000000000203000000000000000002030000000000000000020300000000000000000203000000000000000002030000000000000000020300000000000000000203000000000000000002030000000000000000020300000000000000000203000001111111111111111111100000000000020300000
0
0
 
1111111111111111111100000002000000030000000000020000000300000000000200000003000000000002000000030000000000020000000300000000000200000003000000000002000000030000000000020000000300000000000200000003000044444444444444434444000000020000000300000000000200000003000000000002000000030000000000020000000300000000000200000003000000000002000000030000000000020000000300000000000200000003000000000002000000030000
0
0
 
3333333133333233333300000001000002000000444444414444444444440000000100000200000000000001000002000000000000010000020000000000000100000200000000000001000002000000000000010000020000000000000100000200000000000001000002000000000000010000020000000000000100000200000000000001000002000000000000010000020000000000000100000200000000000001000002000000000000010000020000000000000100000200000000000001000002000000
0
0
 
0000400000000003000000004000000000030000000040000000000300000000400000000003000000004000000000030000222242222222222322220000400000000003000000004000000000030000000040000000000300000000400000000003000000004000000000030000000040000000000300000000400000000003000000004000000000030000000040000000000300000000400000000003000011111111111111131111000040000000000300000000400000000003000000004000000000030000
1
1
 
0000000000000002030000000000000000020300000000000000000203000000000000000002030000000000000000020300000000000000000203000000000000000002030000000000000000020300000000000000000203000000000000000002030044444444444444444444000000000000000203000000000000000002030011111111111111121111000000000000000203000000000000000002030000000000000000020300000000000000000203000000000000000002030000000000000000020300
0
0
 
0001000000000000003000010000000000000030222222222222222222320001000000000000003000010000000000000030000100000000000000300001000000000000003000010000000000000030000100000000000000300001000000000000003000010000000000000030000100000000000000304441444444444444443400010000000000000030000100000000000000300001000000000000003000010000000000000030000100000000000000300001000000000000003000010000000000000030
1
2
 
0000400000000000001000004000000000000010000040000000000000100000400000000000001000004000000000000010000040000000000000100000400000000000001000004000000000000010000040000000000000100000400000000000001000004000000000000010222222222222222222120000400000000000001000004000000000000010000040000000000000100000400000000000001000004000000000000010000040000000000000100000400000000000001033334333333333333313
0
0
 
0000000003000400000000000000030004000000000000000300040000000000000003000400000000000000030004000000000000000300040000000000000003000400000000000000030004000000000000000300040000000000000003000400000000000000030004000000000000000300040000000000000003000400000000000000030004000000000000000300040000000000000003000400000011111111131111111111222222222222222222220000000003000400000000000000030004000000
1
3
 
0000000100000000002000000001000000000020000000010000000000203333333333333333333344444441444444444444000000010000000000200000000100000000002000000001000000000020000000010000000000200000000100000000002000000001000000000020000000010000000000200000000100000000002000000001000000000020000000010000000000200000000100000000002000000001000000000020000000010000000000200000000100000000002000000001000000000020
1
1
 
0020000001000000000000200000010000000000002000000100000000000020000001000000000044244444414444444444002000000100000000000020000001000000000000200000010000000000002000000100000000003323333333333333333300200000010000000000002000000100000000000020000001000000000000200000010000000000002000000100000000000020000001000000000000200000010000000000002000000100000000000020000001000000000000200000010000000000
1
3
 
4424444444444444434400200000000000000300002000000000000003000020000000000000030000200000000000000300111111111111111113110020000000000000030000200000000000000300002000000000000003000020000000000000030000200000000000000300002000000000000003000020000000000000030000200000000000000300002000000000000003000020000000000000030000200000000000000300002000000000000003000020000000000000030000200000000000000300
1
1
 
2000000000001000000023333333333313333333200000000000100000002000000000001000000020000000000010000000200000000000100000002000000000001000000020000000000010000000200000000000100000002000000000001000000020000000000010000000200000000000100000002000000000001000000020000000000010000000444444444444144444442000000000001000000020000000000010000000200000000000100000002000000000001000000020000000000010000000
0
0
 
1111311111111111111100003000004000000000000030000040000000000000300000400000000000003000004000000000000030000040000000000000300000400000000000003000004000000000000030000040000000000000300000400000000000003000004000000000000030000040000000000000300000400000000000003000004000000000000030000040000000000000300000400000000000003000004000000000222232222242222222220000300000400000000000003000004000000000
1
1
 
0100000000000020000001000000000000200000010000000000002000000100000000000020000001000000000000200000333333333333333333330100000000000020000001000000000000200000010000000000002000000100000000000020000001000000000000200000010000000000002000000100000000000020000001000000000000200000010000000000002000000100000000000020000001000000000000200000010000000000002000000100000000000020000041444444444444444444
1
1
 
0000010000300000000000000100003000000000000001000030000000000000010000300000000000000100003000000000222222222222222222220000010000300000000000000100003000000000000001000030000000000000010000300000000000000100003000000000000001000030000000000000010000300000000000000100003000000000000001000030000000000000010000300000000000000100003000000000000001000030000000004444414444444444444400000100003000000000
0
0
 
0000002000003000000000000020000030000000111111111111111111110000002000003000000000000020000030000000000000200000300000000000002000003000000000000020000030000000000000200000300000000000002000003000000000000020000030000000000000200000300000004444442444444444444400000020000030000000000000200000300000000000002000003000000000000020000030000000000000200000300000000000002000003000000000000020000030000000
0
0
 
0000000000010000040000000000000100000400333333333333333334330000000000010000040000000000000100000400000000000001000004000000000000010000040000000000000100000400000000000001000004000000000000010000040000000000000100000400222222222222222222220000000000010000040000000000000100000400000000000001000004000000000000010000040000000000000100000400000000000001000004000000000000010000040000000000000100000400
1
4
 
0000000300000400000011111111111111111111000000030000040000000000000300000400000000000003000004000000000000030000040000000000000300000400000000000003000004000000000000030000040000000000000300000400000000000003000004000000000000030000040000000000000300000400000000000003000004000000000000030000040000000000000300000400000000000003000004000000222222232222222222220000000300000400000000000003000004000000
0
0
 
0000000000003000400000000000000030004000000000000000300040000000000000003000400011111111111111114111000000000000300040000000000000003000400000000000000030004000000000000000300040002222222222222222222200000000000030004000000000000000300040000000000000003000400000000000000030004000000000000000300040000000000000003000400000000000000030004000000000000000300040000000000000003000400000000000000030004000
0
0
 
0000000400000030000000000004000000300000000000040000003000000000000400000030000000000004000000300000000000040000003000000000000400000030000000000004000000300000000000040000003000000000000400000030000000000004000000300000000000040000003000000000000400000030000000000004000000300000000000040000003000001111111411111131111100000004000000300000000000040000003000002222222222222232222200000004000000300000
1
2
 
0000002000000010000000000020000000100000000000200000001000000000002000000010000000000020000000100000000000200000001000000000002000000010000000000020000000100000000000200000001000000000002000000010000000000020000000100000000000200000001000004444444444444444444433333323333333333333000000200000001000000000002000000010000000000020000000100000000000200000001000000000002000000010000000000020000000100000
1
2
 
1000000000000000000210000000000000000002100000000000000000021000000000000000000210000000000000000002100000000000000000021000000000000000000214444444444444444442100000000000000000021000000000000000000210000000000000000002100000000000000000023333333333333333333210000000000000000002100000000000000000021000000000000000000210000000000000000002100000000000000000021000000000000000000210000000000000000002
1
3
 
0000000000003400000000000000000034000000000000000000340000000000000000003400000000000000000034000000000000000000340000000000000000003400000000000000000034000000000000000000340000000000000000003400000000000000000034000000111111111111141111110000000000003400000000000000000034000000222222222222342222220000000000003400000000000000000034000000000000000000340000000000000000003400000000000000000034000000
0
0
 
4000000000030000000040000000000300000000400000000003000000004000000000030000000042222222222222222222400000000003000000004000000000030000000040000000000300000000411111111113111111114000000000030000000040000000000300000000400000000003000000004000000000030000000040000000000300000000400000000003000000004000000000030000000040000000000300000000400000000003000000004000000000030000000040000000000300000000
1
2
 
0000000000000000040300000000000000000403000000000000000004031111111111111111141100000000000000000403000000000000000004030000000000000000040300000000000000000403000000000000000004030000000000000000040300000000000000000403000000000000000004030000000000000000040300000000000000000403000000000000000004030000000000000000040300000000000000000403000000000000000004030000000000000000040322222222222222222423
0
0
 
0400000100000000000004000001000000000000040000010000000000002222222122222222222204000001000000000000040000010000000000000400000100000000000004000001000000000000040000010000000000000400000100000000000004000001000000000000040000010000000000000400000100000000000004000001000000000000040000010000000000000400000100000000000033333333333333333333040000010000000000000400000100000000000004000001000000000000
1
1
 
4444441444444444444400030010000000000000000300100000000000000003001000000000000000030010000000000000000300100000000000000003001000000000000000030010000000000000000300100000000000000003001000000000000000030010000000000000000300100000000000000003001000000000000000030010000000000000000300100000000000002223221222222222222200030010000000000000000300100000000000000003001000000000000000030010000000000000
0
0
 
0040000000000002000000400000000000020000004000000000000200000040000000000002000000400000000000020000004000000000000200000040000000000002000011111111111111121111004000000000000200000040000000000002000000400000000000020000004000000000000200000040000000000002000000400000000000020000004000000000000200000040000000000002000000400000000000020000004000000000000200000040000000000002000033333333333333333333
1
2
 
0000000200004000000000000002000040000000000000020000400000000000000200004000000000000002000040000000000000020000400000000000000200004000000000000002000040000000000000020000400000000000000200004000000000000002000040000000000000020000400000000000000200004000000000000002000040000000000000020000400000000000000200004000000011111112111141111111000000020000400000000000000200004000000033333332333333333333
1
3
 
0020000000000000003000200000000000000030002000000000000000304424444444444444444400200000000000000030002000000000000000301121111111111111113100200000000000000030002000000000000000300020000000000000003000200000000000000030002000000000000000300020000000000000003000200000000000000030002000000000000000300020000000000000003000200000000000000030002000000000000000300020000000000000003000200000000000000030
1
4
 
0020000000000001000000200000000000010000002000000000000100000020000000000001000000200000000000010000002000000000000100000020000000000001000033333333333333313333002000000000000100000020000000000001000000200000000000010000002000000000000100004424444444444441444400200000000000010000002000000000000100000020000000000001000000200000000000010000002000000000000100000020000000000001000000200000000000010000
0
0
 
0000000000000042000000000000000000420000000000000000004200000000000000000042000000000000000000420000000000000000004200000000000000000042000000000000000000420000000000000000004200000000000000000042000000000000000000420000000000000000004200001111111111111112111100000000000000420000000000000000004200003333333333333342333300000000000000420000000000000000004200000000000000000042000000000000000000420000
0
0
 
0000004000000000002000000040000000000020000000400000000000203333334333333333333300000040000000000020000000400000000000200000004000000000002011111141111111111121000000400000000000200000004000000000002000000040000000000020000000400000000000200000004000000000002000000040000000000020000000400000000000200000004000000000002000000040000000000020000000400000000000200000004000000000002000000040000000000020
1
3
 
2222222222222222222200000003000000040000000000030000000400000000000300000004000000000003000000040000000000030000000400001111111311111111111100000003000000040000000000030000000400000000000300000004000000000003000000040000000000030000000400000000000300000004000000000003000000040000000000030000000400000000000300000004000000000003000000040000000000030000000400000000000300000004000000000003000000040000
1
3
 
0000000000000400100000000000000004001000000000000000040010002222222222222422122200000000000004001000000000000000040010000000000000000400100000000000000004001000000000000000040010000000000000000400100000000000000004001000000000000000040010000000000000000400100000000000000004001000000000000000040010000000000000000400100000000000000004001000333333333333343333330000000000000400100000000000000004001000
1
3
 
0000000300000040000022222223222222222222000000030000004000000000000300000040000000000003000000400000000000030000004000000000000300000040000000000003000000400000000000030000004000000000000300000040000000000003000000400000000000030000004000001111111111111111111100000003000000400000000000030000004000000000000300000040000000000003000000400000000000030000004000000000000300000040000000000003000000400000
0
0
 
0000000000010000003000000000000100000030000000000001000000300000000000010000003000000000000100000030444444444441444444440000000000010000003000000000000100000030000000000001000000300000000000010000003000000000000100000030000000000001000000300000000000010000003000000000000100000030000000000001000000300000000000010000003000000000000100000030000000000001000000300000000000010000003022222222222122222232
0
0
 
0000200000000004000000002000000000040000000020000000000400000000200000000004000000002000000000040000000020000000000400000000200000000004000000002000000000040000000020000000000400003333233333333333333300002000000000040000000020000000000400000000200000000004000000002000000000040000000020000000000400000000200000000004000011111111111111111111000020000000000400000000200000000004000000002000000000040000
0
0
 
0004000000000010000000040000000000100000000400000000001000000004000000000010000000040000000000100000000400000000001000000004000000000010000000040000000000100000000400000000001000000004000000000010000000040000000000100000000400000000001000000004000000000010000000040000000000100000333433333333333333330004000000000010000000040000000000100000222222222222222222220004000000000010000000040000000000100000
1
4
 
0000000000000030020000000000000000300200000000000000003002000000000000000030020044444444444444444444000000000000003002000000000000000030020000000000000000300200000000000000003002000000000000000030020000000000000000300200000000000000003002000000000000000030020000000000000000300200000000000000003002000000000000000030020000000000000000300200000000000000003002001111111111111131111100000000000000300200
1
3
 
0000000000000203000000000000000002030000000000000000020300000000000000000203000000000000000002030000000000000000020300000000000000000203000000000000000002030000000000000000020300000000000000000203000000000000000002030000000000000000020300000000000000000203000044444444444442434444000000000000020300001111111111111211111100000000000002030000000000000000020300000000000000000203000000000000000002030000
0
0
 
0000000000400030000000000000004000300000000000000040003000000000000000400030000000000000004000300000000000000040003000000000000000400030000000000000004000300000000000000040003000000000000000400030000000000000004000300000000000000040003000000000000000400030000022222222224222222222000000000040003000000000000000400030000011111111111111111111000000000040003000000000000000400030000000000000004000300000
0
0
 
0000000000000000004300000000000000000043000000000000000000430000000000000000004300000000000000000043000000000000000000430000000000000000004300000000000000000043000000000000000000430000000000000000004300000000000000000043222222222222222222221111111111111111111300000000000000000043000000000000000000430000000000000000004300000000000000000043000000000000000000430000000000000000004300000000000000000043
1
3
 
0000000000000000024000000000000000000240111111111111111112110000000000000000024000000000000000000240000000000000000002400000000000000000024000000000000000000240333333333333333333330000000000000000024000000000000000000240000000000000000002400000000000000000024000000000000000000240000000000000000002400000000000000000024000000000000000000240000000000000000002400000000000000000024000000000000000000240
1
2
 
1111411111211111111100004000002000000000333343333333333333330000400000200000000000004000002000000000000040000020000000000000400000200000000000004000002000000000000040000020000000000000400000200000000000004000002000000000000040000020000000000000400000200000000000004000002000000000000040000020000000000000400000200000000000004000002000000000000040000020000000000000400000200000000000004000002000000000
1
3
 
0000400000300000000000004000003000000000000040000030000000000000400000300000000000004000003000000000000040000030000000000000400000300000000000004000003000000000000040000030000000000000400000300000000000004000003000000000000040000030000000001111411111311111111100004000003000000000000040000030000000000000400000300000000000004000003000000000000040000030000000002222222222322222222200004000003000000000
1
2
 
0000030000000200000000000300000002000000111113111111111111110000030000000200000000000300000002000000000003000000020000000000030000000200000000000300000002000000000003000000020000000000030000000200000000000300000002000000000003000000020000000000030000000200000000000300000002000000000003000000020000000000030000000200000000000300000002000000000003000000020000000000030000000200000044444444444444444444
1
3
 
1000000000000000000310000000000000000003100000000000000000031000000000000000000310000000000000000003100000000000000000031000000000000000000310000000000000000003100000000000000000031000000000000000000310000000000000000003100000000000000000031000000000000000000310000000000000000003100000000000000000031000000000000000000344444444444444444443100000000000000000031000000000000000000312222222222222222223
1
4
 
0000001000000000030000000010000000000300000000100000000003000000001000000000030000000010000000000300000000100000000003000000001000000000030000000010000000000300000000100000000003000000001000000000030000000010000000000300000000100000000003002222222222222222222200000010000000000300000000100000000003000000001000000000030000000010000000000300000000100000000003000000001000000000030044444414444444444444
0
0
 
0000000000200000040000000000002000000400000000000020000004000000000000200000040000000000002000000400000000000020000004000000000000200000040000000000002000000400000000000020000004000000000000200000040011111111112111111111000000000020000004000000000000200000040000000000002000000400000000000020000004003333333333233333343300000000002000000400000000000020000004000000000000200000040000000000002000000400
0
0
 
0300000000100000000003000000001000000000030000000010000000000300000000100000000003000000001000000000434444444414444444440300000000100000000003000000001000000000030000000010000000000300000000100000000003000000001000000000030000000010000000000300000000100000000003000000001000000000030000000010000000000300000000100000000023222222222222222222030000000010000000000300000000100000000003000000001000000000
1
2
 
0400000000000000010004000000000000000100040000000000000001000400000000000000010004000000000000000100040000000000000001000400000000000000010004000000000000000100040000000000000001000400000000000000010024222222222222222122040000000000000001000400000000000000010004000000000000000100343333333333333333330400000000000000010004000000000000000100040000000000000001000400000000000000010004000000000000000100
1
3
 
0000020000001000000000000200000010000000000002000000100000000000020000001000000000000200000010000000000002000000100000000000020000001000000000000200000010000000000002000000100000000000020000001000000000000200000010000000000002000000100000000000020000001000000044444444444444444444000002000000100000003333323333333333333300000200000010000000000002000000100000000000020000001000000000000200000010000000
1
2
 
0000000000000000004100000000000000000041000000000000000000410000000000000000004100000000000000000041000000000000000000410000000000000000004100000000000000000041000000000000000000410000000000000000004100000000000000000041222222222222222222420000000000000000004100000000000000000041000000000000000000410000000000000000004100000000000000000041000000000000000000413333333333333333333300000000000000000041
1
4
 
0100000030000000000001000000300000000000010000003000000000000100000030000000000001000000300000000000212222223222222222220100000030000000000001000000300000000000010000003000000000000100000030000000000001000000300000000000010000003000000000000100000030000000000001000000300000000000010000003000000000004144444444444444444401000000300000000000010000003000000000000100000030000000000001000000300000000000
0
0
 
0003000000000001000000030000000000010000000300000000000100000003000000000001000000030000000000010000444344444444444144440003000000000001000000030000000000010000000300000000000100000003000000000001000000030000000000010000000300000000000100002223222222222222222200030000000000010000000300000000000100000003000000000001000000030000000000010000000300000000000100000003000000000001000000030000000000010000
1
2
 
0000000001300000000000000000013000000000000000000130000000000000000001300000000000000000013000000000000000000130000000000000000001300000000000000000013000000000000000000130000000000000000001300000000000000000013000000000222222222122222222220000000001300000000000000000013000000000444444444444444444440000000001300000000000000000013000000000000000000130000000000000000001300000000000000000013000000000
0
0
 
0000002000003000000000000020000030000000000000200000300000000000002000003000000000000020000030000000000000200000300000000000002000003000000000000020000030000000000000200000300000000000002000003000000011111121111131111111000000200000300000000000002000003000000000000020000030000000000000200000300000000000002000003000000000000020000030000000000000200000300000000000002000003000000044444424444444444444
1
4
 
0000000000030000004000000000000300000040000000000003000000400000000000030000004000000000000300000040000000000003000000400000000000030000004000000000000300000040000000000003000000400000000000030000004000000000000300000040000000000003000000400000000000030000004011111111111311111111000000000003000000402222222222232222224200000000000300000040000000000003000000400000000000030000004000000000000300000040
1
1
 
0020000000000400000000200000000004000000111111111111111111110020000000000400000000200000000004000000002000000000040000000020000000000400000000200000000004000000002000000000040000000020000000000400000000200000000004000000002000000000040000000020000000000400000000200000000004000000002000000000040000003333333333333433333300200000000004000000002000000000040000000020000000000400000000200000000004000000
0
0
 
2222222222222222222300000100000000000003000001000000000000030000010000000000000300000100000000000003000001000000000000030000010000000000000300000100000000000003000001000000000000030000010000000000000300000100000000000003000001000000000000030000010000000000000344444444444444444444000001000000000000030000010000000000000300000100000000000003000001000000000000030000010000000000000300000100000000000003
1
3
 
0200000000040000000011111111111411111111333333333333333333330200000000040000000002000000000400000000020000000004000000000200000000040000000002000000000400000000020000000004000000000200000000040000000002000000000400000000020000000004000000000200000000040000000002000000000400000000020000000004000000000200000000040000000002000000000400000000020000000004000000000200000000040000000002000000000400000000
1
4
 
0004200000000000000000042000000000000000000420000000000000000004200000000000000000042000000000000000000420000000000000000004200000000000000033332333333333333333000420000000000000000004200000000000000000042000000000000000000420000000000000000004200000000000000000042000000000000000000420000000000000001111111111111111111100042000000000000000000420000000000000000004200000000000000000042000000000000000
0
0
 
0020000000000000100000200000000000001000002000000000000010000020000000000000100000200000000000001000002000000000000010000020000000000000100044244444444444444444002000000000000010000020000000000000100000200000000000001000002000000000000010000020000000000000100000200000000000001000002000000000000010000020000000000000100000200000000000001000002000000000000010003323333333333333133300200000000000001000
0
0
 
0000000000000301000000000000000003010000000000000000030100000000000000000301000000000000000003010000000000000000030100000000000000000301000000000000000003010000000000000000030100000000000000000301000000000000000003010000000000000000030100004444444444444444444400000000000003010000000000000000030100000000000000000301000000000000000003010000222222222222222122220000000000000301000000000000000003010000
0
0
 
0000000100003000000000000001000030000000000000010000300000000000000100003000000000000001000030000000000000010000300000000000000100003000000000000001000030000000000000010000300000000000000100003000000044444441444444444444000000010000300000000000000100003000000000000001000030000000000000010000300000000000000100003000000000000001000030000000000000010000300000000000000100003000000022222221222232222222
0
0
 
0000000000003001000000000000000030010000000000000000300100000000000000003001000000000000000030010000000000000000300100000000000000003001000000000000000030010000000000000000300100000000000000003001000022222222222222212222000000000000300100000000000000003001000000000000000030010000000000000000300100004444444444444444444400000000000030010000000000000000300100000000000000003001000000000000000030010000
0
0
 
0000000040003000000000000000400030000000000000004000300000000000000040003000000000000000400030000000000000004000300000000000000040003000000022222222422232222222000000004000300000000000000040003000000000000000400030000000000000004000300000000000000040003000000000000000400030000000111111114111111111110000000040003000000000000000400030000000000000004000300000000000000040003000000000000000400030000000
0
0
 
0000000000000003040000000000000000030400000000000000000304000000000000000003040000000000000000030400000000000000000304000000000000000003040011111111111111111411000000000000000304000000000000000003040000000000000000030400000000000000000304000000000000000003040000000000000000030400222222222222222324220000000000000003040000000000000000030400000000000000000304000000000000000003040000000000000000030400
0
0
 
0000000002000000000100000000020000000001333333333333333333310000000002000000000100000000020000000001000000000200000000010000000002000000000100000000020000000001000000000200000000010000000002000000000100000000020000000001000000000200000000010000000002000000000100000000020000000001000000000200000000014444444442444444444100000000020000000001000000000200000000010000000002000000000100000000020000000001
0
0
 
0040000000000020000000400000000000200000334333333333332333330040000000000020000000400000000000200000004000000000002000000040000000000020000000400000000000200000004000000000002000000040000000000020000000400000000000200000004000000000002000000040000000000020000000400000000000200000004000000000002000000040000000000020000000400000000000200000004000000000002000000040000000000020000011111111111111211111
0
0
 
0000000000000200100000000000000002001000333333333333333313330000000000000200100000000000000002001000000000000000020010000000000000000200100044444444444442441444000000000000020010000000000000000200100000000000000002001000000000000000020010000000000000000200100000000000000002001000000000000000020010000000000000000200100000000000000002001000000000000000020010000000000000000200100000000000000002001000
0
0
 
0020000000030000000000200000000300000000002000000003000000000020000000030000000000200000000300000000002000000003000000000020000000030000000000200000000300000000002000000003000000000020000000030000000044444444444444444444002000000003000000000020000000030000000011211111111111111111002000000003000000000020000000030000000000200000000300000000002000000003000000000020000000030000000000200000000300000000
0
0
 
0003000000010000000000030000000100000000000300000001000000000003000000010000000000030000000100000000222222222221222222220003000000010000000000030000000100000000444444444444444444440003000000010000000000030000000100000000000300000001000000000003000000010000000000030000000100000000000300000001000000000003000000010000000000030000000100000000000300000001000000000003000000010000000000030000000100000000
0
0
 
0020003000000000000000200030000000000000111111111111111111110020003000000000000000200030000000000000002000300000000000000020003000000000000000200030000000000000002000300000000000000020003000000000000044244444444444444444002000300000000000000020003000000000000000200030000000000000002000300000000000000020003000000000000000200030000000000000002000300000000000000020003000000000000000200030000000000000
0
0
 
0040000000000000000300400000000000000003004000000000000000030040000000000000000300400000000000000003004000000000000000030040000000000000000300400000000000000003004000000000000000030040000000000000000300400000000000000003004000000000000000030040000000000000000322422222222222222222004000000000000000030040000000000000000300400000000000000003004000000000000000031111111111111111111100400000000000000003
0
0
 
0000010000000004000000000100000000040000000001000000000400000000010000000004000000000100000000040000000001000000000400000000010000000004000000000100000000040000000001000000000400000000010000000004000000000100000000040000000001000000000400003333313333333334333300000100000000040000222221222222222222220000010000000004000000000100000000040000000001000000000400000000010000000004000000000100000000040000
0
0
 
0000030000000000001000000300000000000010000003000000000000100000030000000000001000000300000000000010000003000000000000100000030000000000001000000300000000000010000003000000000000100000030000000000001022222222222222222212000003000000000000100000030000000000001044444444444444444444000003000000000000100000030000000000001000000300000000000010000003000000000000100000030000000000001000000300000000000010
0
0
 
0000000000000100004000000000000001000040000000000000010000403333333333333133333300000000000001000040000000000000010000400000000000000100004000000000000001000040000000000000010000400000000000000100004000000000000001000040000000000000010000400000000000000100004000000000000001000040000000000000010000400000000000000100004000000000000001000040000000000000010000400000000000000100004022222222222221222242
0
0
 
