1111311111111114111100003000000000040000000030000000000400000000300000000004000022223222222222222222000030000000000400000000300000000004000000003000000000040000000030000000000400000000300000000004000000003000000000040000000030000000000400000000300000000004000000003000000000040000000030000000000400000000300000000004000000003000000000040000000030000000000400000000300000000004000000003000000000040000
1
2
 
0004000000000002000000040000000000020000000400000000000200000004000000000002000000040000000000020000000400000000000200000004000000000002000033333333333333333333000400000000000200000004000000000002000000040000000000020000000400000000000200000004000000000002000000040000000000020000000400000000000200000004000000000002000000040000000000020000111111111111111211110004000000000002000000040000000000020000
1
2
 
0000003000001000000000000030000010000000000000300000100000000000003000001000000000000030000010000000000000300000100000000000003000001000000000000030000010000000000000300000100000000000003000001000000000000030000010000000000000300000100000000000003000001000000000000030000010000000000000300000100000000000003000001000000000000030000010000000000000300000100000004444444444444444444422222232222222222222
1
3
 
0300000100000000000003000001000000000000030000010000000000000300000100000000000003000001000000000000030000010000000000000300000100000000000022222222222222222222030000010000000000004344444444444444444403000001000000000000030000010000000000000300000100000000000003000001000000000000030000010000000000000300000100000000000003000001000000000000030000010000000000000300000100000000000003000001000000000000
1
3
 
0040000000000001000000400000000000010000004000000000000100000040000000000001000000400000000000010000224222222222222122220040000000000001000000400000000000010000004000000000000100000040000000000001000000400000000000010000004000000000000100003343333333333333333300400000000000010000004000000000000100000040000000000001000000400000000000010000004000000000000100000040000000000001000000400000000000010000
1
3
 
0000000000000130000000000000000001300000000000000000013000000000000000000130000000000000000001300000000000000000013000000000000000000130000000000000000001300000000000000000013000000000000000000130000000000000000001300000000000000000013000000000000000000130000000000000000001300000000000000000013000002222222222222222222200000000000001300000000000000000013000000000000000000130000044444444444444344444
1
3
 
1000000000000030000010000000000000300000100000000000003000001000000000000030000010000000000000300000100000000000003000001000000000000030000010000000000000300000100000000000003000001000000000000030000010000000000000300000100000000000003000001000000000000030000010000000000000300000100000000000003000001000000000000030000044444444444444444444100000000000003000001000000000000030000022222222222222322222
1
3
 
0000000040000000000300000000400000000003000000004000000000030000000040000000000300000000400000000003000000004000000000030000000040000000000300000000400000000003000000004000000000030000000040000000000300000000400000000003222222224222222222221111111141111111111300000000400000000003000000004000000000030000000040000000000300000000400000000003000000004000000000030000000040000000000300000000400000000003
1
2
 
0000000000000300020000000000000003000200000000000000030002000000000000000300020000000000000003000200111111111111131112110000000000000300020000000000000003000200000000000000030002000000000000000300020000000000000003000200444444444444434444440000000000000300020000000000000003000200000000000000030002000000000000000300020000000000000003000200000000000000030002000000000000000300020000000000000003000200
1
4
 
3333333333333333333312000000000000000000120000000000000000001200000000000000000012000000000000000000120000000000000000001200000000000000000012000000000000000000120000000000000000001200000000000000000012000000000000000000120000000000000000001200000000000000000012000000000000000000144444444444444444441200000000000000000012000000000000000000120000000000000000001200000000000000000012000000000000000000
1
1
 
0000000000000000030400000000000000000304000000000000000003042222222222222222232200000000000000000304000000000000000003041111111111111111131400000000000000000304000000000000000003040000000000000000030400000000000000000304000000000000000003040000000000000000030400000000000000000304000000000000000003040000000000000000030400000000000000000304000000000000000003040000000000000000030400000000000000000304
1
2
 
4000000200000000000040000002000000000000400000020000000000004000000200000000000040000002000000000000400000020000000000004000000200000000000040000002000000000000400000020000000000004000000200000000000040000002000000000000400000020000000000004000000200000000000040000002000000000000400000020000000000004000000200000000000040000002000000000000333333333333333333331111111211111111111140000002000000000000
1
2
 
0000000004000010000000000000040000100000000000000400001000000000000004000010000000000000040000100000000000000400001000002222222222222222222200000000040000100000000000000400001000000000000004000010000000000000040000100000000000000400001000000000000004000010000000000000040000100000000000000400001000000000000004000010000033333333343333333333000000000400001000000000000004000010000000000000040000100000
1
4
 
0000000003000000010000000000030000000100000000000300000001000000000003000000010000000000030000000100000000000300000001000000000003000000010000000000030000000100000000000300000001000000000003000000010000000000030000000100000000000300000001000000000003000000010044444444434444444444222222222322222221220000000003000000010000000000030000000100000000000300000001000000000003000000010000000000030000000100
1
4
 
2223222222222222222200130000000000000000001300000000000000000013000000000000000000130000000000000000001300000000000000000013000000000000000000130000000000000000001300000000000000000013000000000000000000130000000000000000001300000000000000000013000000000000000000130000000000000000001300000000000000004413444444444444444400130000000000000000001300000000000000000013000000000000000000130000000000000000
1
2
 
0000000004000000100000000000040000001000000000000400000010000000000004000000100000000000040000001000000000000400000010000000000004000000100000000000040000001000333333333333333333330000000004000000100000000000040000001000000000000400000010000000000004000000100000000000040000001000000000000400000010000000000004000000100000000000040000001000000000000400000010000000000004000000100022222222222222221222
1
1
 
0003040000000000000022222422222222222222000304000000000000000003040000000000000000030400000000000000000304000000000000000003040000000000000000030400000000000000000304000000000000000003040000000000000000030400000000000000000304000000000000001113141111111111111100030400000000000000000304000000000000000003040000000000000000030400000000000000000304000000000000000003040000000000000000030400000000000000
1
2
 
0000200000000030000000002000000000300000000020000000003000000000200000000030000000002000000000300000000020000000003000000000200000000030000000002000000000300000000020000000003000000000200000000030000000002000000000300000000020000000003000001111111111111131111100002000000000300000000020000000003000000000200000000030000044442444444444344444000020000000003000000000200000000030000000002000000000300000
1
1
 
0000000000000000201000000000000000002010000000000000000020100000000000000000201033333333333333332333000000000000000020100000000000000000201000000000000000002010000000000000000020100000000000000000201000000000000000002010000000000000000020100000000000000000201000000000000000002010000000000000000020100000000000000000201000000000000000002010000000000000000020104444444444444444444400000000000000002010
1
2
 
0001000000000020000000010000000000200000000100000000002000000001000000000020000000010000000000200000000100000000002000000001000000000020000000010000000000200000000100000000002000000001000000000020000044444444444444444444000100000000002000000001000000000020000000010000000000200000000100000000002000000001000000000020000000010000000000200000333333333333332333330001000000000020000000010000000000200000
1
2
 
0040000000000010000000400000000000100000004000000000001000000040000000000010000000400000000000100000004000000000001000000040000000000010000000400000000000100000334333333333333333330040000000000010000000400000000000100000004000000000001000000040000000000010000000400000000000100000004000000000001000000040000000000010000000400000000000100000004000000000001000002242222222222212222200400000000000100000
1
3
 
1000000020000000000010000000200000000000100000002000000000001000000020000000000010000000200000000000100000002000000000001000000020000000000033333333333333333333100000002000000000004444444424444444444410000000200000000000100000002000000000001000000020000000000010000000200000000000100000002000000000001000000020000000000010000000200000000000100000002000000000001000000020000000000010000000200000000000
1
2
 
0030100000000000000000301000000000000000003010000000000000000030100000000000000000301000000000000000003010000000000000000030100000000000000000301000000000000000003010000000000000000030100000000000000000301000000000000000003010000000000000000030100000000000000000301000000000000000223222222222222222220030100000000000000000301000000000000000444444444444444444440030100000000000000000301000000000000000
1
3
 
4434444444444444424400300000000000000200003000000000000002000030000000000000020000300000000000000200003000000000000002000030000000000000020000300000000000000200003000000000000002000030000000000000020000300000000000000200003000000000000002000030000000000000020000300000000000000200003000000000000002001131111111111111111100300000000000000200003000000000000002000030000000000000020000300000000000000200
1
1
 
0000000000000010200000000000000000102000000000000000001020000000000000000010200000000000000000102000444444444444441444440000000000000010200000000000000000102000333333333333333333330000000000000010200000000000000000102000000000000000001020000000000000000010200000000000000000102000000000000000001020000000000000000010200000000000000000102000000000000000001020000000000000000010200000000000000000102000
1
1
 
0000000000000000024000000000000000000240333333333333333333330000000000000000024000000000000000000240000000000000000002400000000000000000024000000000000000000240111111111111111112110000000000000000024000000000000000000240000000000000000002400000000000000000024000000000000000000240000000000000000002400000000000000000024000000000000000000240000000000000000002400000000000000000024000000000000000000240
1
2
 
0002000000300000000000020000003000000000000200000030000000001111111111311111111100020000003000000000000200000030000000000002000000300000000000020000003000000000000200000030000000000002000000300000000000020000003000000000000200000030000000000002000000300000000000020000003000000000444244444434444444440002000000300000000000020000003000000000000200000030000000000002000000300000000000020000003000000000
1
1
 
0100000020000000000001000000200000000000010000002000000000000100000020000000000001000000200000000000010000002000000000000100000020000000000001000000200000000000010000002000000000000100000020000000000001000000200000000000010000002000000000004144444424444444444401000000200000000000010000002000000000000100000020000000000001000000200000000000010000002000000000003333333323333333333301000000200000000000
1
3
 
0000000004000300000011111111111113111111000000000400030000000000000004000300000000000000040003000000000000000400030000000000000004000300000000000000040003000000000000000400030000000000000004000300000000000000040003000000000000000400030000000000000004000300000000000000040003000000000000000400030000000000000004000300000022222222242223222222000000000400030000000000000004000300000000000000040003000000
1
1
 
0000000000004002000000000000000040020000000000000000400200000000000000004002000000000000000040020000000000000000400200001111111111114112111100000000000040020000000000000000400200000000000000004002000000000000000040020000000000000000400200000000000000004002000000000000000040020000000000000000400200000000000000004002000033333333333333323333000000000000400200000000000000004002000000000000000040020000
1
3
 
0400010000000000000004000100000000000000040001000000000000000400010000000000000004000100000000000000040001000000000000000400010000000000000004000100000000000000040001000000000000000400010000000000000004000100000000000000040001000000000000000400010000000000000033333333333333333333040001000000000000000400010000000000000004000100000000000000040001000000000000002222212222222222222204000100000000000000
1
1
 
0000000002000000000100000000020000000001000000000200000000010000000002000000000100000000020000000001000000000200000000010000000002000000000100000000020000000001000000000200000000010000000002000000000100000000020000000001000000000200000000010000000002000000000144444444424444444444000000000200000000010000000002000000000100000000020000000001000000000200000000010000000002000000000133333333333333333333
1
2
 
0000000000100000200044444444441444442444000000000010000020000000000000100000200000000000001000002000000000000010000020000000000000100000200000000000001000002000000000000010000020000000000000100000200000000000001000002000000000000010000020000000000000100000200033333333333333332333000000000010000020000000000000100000200000000000001000002000000000000010000020000000000000100000200000000000001000002000
1
3
 
0000000000000430000000000000000004300000000000000000043000000000000000000430000000000000000004300000000000000000043000000000000000000430000000000000000004300000000000000000043000000000000000000430000000000000000004300000000000000000043000000000000000000430000011111111111114311111000000000000043000000000000000000430000000000000000004300000000000000000043000002222222222222232222200000000000004300000
1
2
 
0000000010000040000000000000100000400000000000001000004000002222222222222242222233333333333333333333000000001000004000000000000010000040000000000000100000400000000000001000004000000000000010000040000000000000100000400000000000001000004000000000000010000040000000000000100000400000000000001000004000000000000010000040000000000000100000400000000000001000004000000000000010000040000000000000100000400000
1
4
 
0000002000000400000000000020000004000000000000200000040000000000002000000400000000000020000004000000000000200000040000003333333333333333333300000020000004000000000000200000040000000000002000000400000000000020000004000000000000200000040000001111112111111111111100000020000004000000000000200000040000000000002000000400000000000020000004000000000000200000040000000000002000000400000000000020000004000000
1
2
 
0000300200000000000000003002000000000000000030020000000000000000300200000000000000003002000000000000111131121111111111114444344444444444444400003002000000000000000030020000000000000000300200000000000000003002000000000000000030020000000000000000300200000000000000003002000000000000000030020000000000000000300200000000000000003002000000000000000030020000000000000000300200000000000000003002000000000000
1
4
 
3444444444444444444430000000000100000000300000000001000000003000000000010000000030000000000100000000322222222221222222223000000000010000000030000000000100000000300000000001000000003000000000010000000030000000000100000000300000000001000000003000000000010000000030000000000100000000300000000001000000003000000000010000000030000000000100000000300000000001000000003000000000010000000030000000000100000000
1
4
 
0400001000000000000004000010000000000000040000100000000000000400001000000000000004000010000000000000343333333333333333332422221222222222222204000010000000000000040000100000000000000400001000000000000004000010000000000000040000100000000000000400001000000000000004000010000000000000040000100000000000000400001000000000000004000010000000000000040000100000000000000400001000000000000004000010000000000000
1
3
 
0000000000000130000000000000000001300000000000000000013000000000000000000130000000000000000001300000000000000000013000000000000000000130000000000000000001300000000000000000013000000000000000000130000000000000000001300000000000000000013000000000000000000130000000000000000001300000000000000000013000000000000000000130000000000000000001300000000000000000013000004444444444444434444422222222222221322222
1
4
 
4444444434444444444422222222222222222222000000003000010000000000000030000100000000000000300001000000000000003000010000000000000030000100000000000000300001000000000000003000010000000000000030000100000000000000300001000000000000003000010000000000000030000100000000000000300001000000000000003000010000000000000030000100000000000000300001000000000000003000010000000000000030000100000000000000300001000000
1
3
 
0003000000100000000000030000001000000000000300000010000000000003000000100000000022222222222222222222000300000010000000000003000000100000000044434444444444444444000300000010000000000003000000100000000000030000001000000000000300000010000000000003000000100000000000030000001000000000000300000010000000000003000000100000000000030000001000000000000300000010000000000003000000100000000000030000001000000000
1
3
 
0000000000300020000000000000003000200000000000000030002000000000000000300020000000000000003000200000444444444434442444440000000000300020000000000000003000200000000000000030002000000000000000300020000000000000003000200000111111111131111111110000000000300020000000000000003000200000000000000030002000000000000000300020000000000000003000200000000000000030002000000000000000300020000000000000003000200000
1
1
 
0000020300000000000044444244444444444444000002030000000000000000020300000000000011111213111111111111000002030000000000000000020300000000000000000203000000000000000002030000000000000000020300000000000000000203000000000000000002030000000000000000020300000000000000000203000000000000000002030000000000000000020300000000000000000203000000000000000002030000000000000000020300000000000000000203000000000000
1
4
 
0000000001000004000000000000010000040000333333333333333333330000000001000004000000000000010000040000000000000100000400000000000001000004000000000000010000040000000000000100000400000000000001000004000000000000010000040000000000000100000400000000000001000004000000000000010000040000000000000100000400002222222221222222222200000000010000040000000000000100000400000000000001000004000000000000010000040000
1
1
 
3333333333333333333300000020000000000100000000200000000001000000002000000000010000000020000000000100000000200000000001000000002000000000010000000020000000000100000000200000000001000000002000000000010000000020000000000100444444244444444444440000002000000000010000000020000000000100000000200000000001000000002000000000010000000020000000000100000000200000000001000000002000000000010000000020000000000100
1
2
 
1311111111111111112103000000000000000020030000000000000000200300000000000000002003000000000000000020030000000000000000200300000000000000002003000000000000000020030000000000000000200300000000000000002003000000000000000020030000000000000000200300000000000000002003000000000000000020030000000000000000200300000000000000002043444444444444444444030000000000000000200300000000000000002003000000000000000020
1
4
 
0100000000000004000001000000000000040000010000000000000400000100000000000004000001000000000000040000010000000000000400000100000000000004000001000000000000040000010000000000000400003333333333333333333301000000000000040000010000000000000400000100000000000004000001000000000000040000010000000000000400002122222222222222222201000000000000040000010000000000000400000100000000000004000001000000000000040000
1
1
 
3040000000000000000030400000000000000000304000000000000000003040000000000000000031111111111111111111304000000000000000003040000000000000000030400000000000000000304000000000000000003040000000000000000030400000000000000000304000000000000000003040000000000000000030400000000000000000304000000000000000003242222222222222222230400000000000000000304000000000000000003040000000000000000030400000000000000000
1
1
 
0000010000000004000000000100000000040000000001000000000400000000010000000004000000000100000000040000000001000000000400000000010000000004000000000100000000040000000001000000000400000000010000000004000000000100000000040000000001000000000400000000010000000004000000000100000000040000000001000000000400000000010000000004000000000100000000040000333333333333333433330000010000000004000022222222222222222222
1
4
 
0200000000000000000402000000000000000004020000000000000000040200000000000000000402000000000000000004020000000000000000040200000000000000000411111111111111111114020000000000000000043333333333333333333302000000000000000004020000000000000000040200000000000000000402000000000000000004020000000000000000040200000000000000000402000000000000000004020000000000000000040200000000000000000402000000000000000004
1
4
 
0000000020000000000100000000200000000001000000002000000000010000000020000000000100000000200000000001000000002000000000014444444424444444444400000000200000000001333333333333333333330000000020000000000100000000200000000001000000002000000000010000000020000000000100000000200000000001000000002000000000010000000020000000000100000000200000000001000000002000000000010000000020000000000100000000200000000001
1
2
 
0000000003000000040000000000030000000400222222222222222224220000000003000000040000000000030000000400000000000300000004000000000003000000040000000000030000000400111111111311111114110000000003000000040000000000030000000400000000000300000004000000000003000000040000000000030000000400000000000300000004000000000003000000040000000000030000000400000000000300000004000000000003000000040000000000030000000400
1
2
 
4002000000000000000040020000000000000000400200000000000000004002000000000000000040020000000000000000400200000000000000004002000000000000000040020000000000000000400200000000000000004002000000000000000040020000000000000000400200000000000000004002000000000000000040020000000000000000400200000000000000001112111111111111111140020000000000000000400200000000000000004002000000000000000033333333333333333333
1
2
 
1411211111111111111104002000000000000000040020000000000000000400200000000000000004002000000000000000040020000000000000000400200000000000000004002000000000000000040020000000000000000400200000000000000004002000000000000000040020000000000000000400200000000000000004002000000000000000333323333333333333330400200000000000000004002000000000000000040020000000000000000400200000000000000004002000000000000000
1
3
 
0030000004000000000000300000040000000000003000000400000000001131111111111111111100300000040000000000003000000400000000000030000004000000000000300000040000000000003000000400000000000030000004000000000000300000040000000000003000000400000000000030000004000000000022222222222222222222003000000400000000000030000004000000000000300000040000000000003000000400000000000030000004000000000000300000040000000000
1
3
 
0000013000000000000000000130000000000000000001300000000000000000013000000000000000000130000000000000000001300000000000000000013000000000000000000130000000000000000001300000000000000000013000000000000000000130000000000000000001300000000000000000013000000000000044444434444444444444000001300000000000002222222222222222222200000130000000000000000001300000000000000000013000000000000000000130000000000000
1
3
 
0000000300000200000000000003000002000000000000030000020000000000000300000200000000000003000002000000000000030000020000000000000300000200000000000003000002000000000000030000020000000000000300000200000000000003000002000000000000030000020000001111111311111111111100000003000002000000000000030000020000000000000300000200000044444444444444444444000000030000020000000000000300000200000000000003000002000000
1
3
 
0020000000000000300000200000000000003000002000000000000030000020000000000000300000200000000000003000002000000000000030000020000000000000300000200000000000003000002000000000000030001121111111111111311100200000000000003000002000000000000030000020000000000000300000200000000000003000002000000000000030000020000000000000300000200000000000003000002000000000000030000020000000000000300044444444444444443444
1
4
 
4444444444444444444433333333333333233333010000000000002000000100000000000020000001000000000000200000010000000000002000000100000000000020000001000000000000200000010000000000002000000100000000000020000001000000000000200000010000000000002000000100000000000020000001000000000000200000010000000000002000000100000000000020000001000000000000200000010000000000002000000100000000000020000001000000000000200000
1
2
 
0000000000000001040000000000000000010400000000000000000104000000000000000001040022222222222222212222000000000000000104000000000000000001040033333333333333333333000000000000000104000000000000000001040000000000000000010400000000000000000104000000000000000001040000000000000000010400000000000000000104000000000000000001040000000000000000010400000000000000000104000000000000000001040000000000000000010400
1
1
 
0000400000300000000000004000003000000000000040000030000000000000400000300000000000004000003000000000000040000030000000000000400000300000000000004000003000000000000040000030000000000000400000300000000011111111113111111111000040000030000000000000400000300000000000004000003000000000000040000030000000000000400000300000000000004000003000000000000040000030000000000000400000300000000022222222222222222222
1
3
 
0000004000100000000000000040001000000000000000400010000000000000004000100000000033333333333333333333222222222212222222220000004000100000000000000040001000000000000000400010000000000000004000100000000000000040001000000000000000400010000000000000004000100000000000000040001000000000000000400010000000000000004000100000000000000040001000000000000000400010000000000000004000100000000000000040001000000000
1
1
 
1111111211111111111100000042000000000000000000420000000000000000004200000000000000000042000000000000000000420000000000000000004200000000000000000042000000000000000000420000000000000000004200000000000000000042000000000000000000420000000000000000004200000000000000000042000000000000333333333333333333330000004200000000000000000042000000000000000000420000000000000000004200000000000000000042000000000000
1
2
 
0000040000000001000000000400000000010000000004000000000100000000040000000001000000000400000000010000000004000000000100000000040000000001000000000400000000010000000004000000000100000000040000000001000000000400000000010000333334333333333333330000040000000001000000000400000000010000000004000000000100000000040000000001000000000400000000010000000004000000000100002222242222222221222200000400000000010000
1
3
 
0000000302000000000000000003020000000000111111131111111111110000000302000000000044444444444444444444000000030200000000000000000302000000000000000003020000000000000000030200000000000000000302000000000000000003020000000000000000030200000000000000000302000000000000000003020000000000000000030200000000000000000302000000000000000003020000000000000000030200000000000000000302000000000000000003020000000000
1
3
 
0000100000000000040000001000000000000400000010000000000004000000100000000000040000001000000000000400000010000000000004000000100000000000040000001000000000000400000010000000000004003333333333333333343322221222222222222422000010000000000004000000100000000000040000001000000000000400000010000000000004000000100000000000040000001000000000000400000010000000000004000000100000000000040000001000000000000400
1
3
 
0000000010300000000000000000103000000000000000001030000000000000000010300000000000000000103000000000000000001030000000000000000010300000000022222222123222222222000000001030000000000000000010300000000000000000103000000000000000001030000000000000000010300000000000000000103000000000000000001030000000000000000010300000000000000000103000000000444444444434444444440000000010300000000000000000103000000000
1
4
 
0000400000002000000000004000000020000000000040000000200000000000400000002000000000004000000020000000000040000000200000000000400000002000000000004000000020000000000040000000200000001111111111112111111100004000000020000000000040000000200000003333333333333333333300004000000020000000000040000000200000000000400000002000000000004000000020000000000040000000200000000000400000002000000000004000000020000000
1
2
 
0010000000000000000300100000000000000003441444444444444444430010000000000000000300100000000000000003001000000000000000030010000000000000000300100000000000000003001000000000000000030010000000000000000300100000000000000003001000000000000000030010000000000000000300100000000000000003001000000000000000030010000000000000000300100000000000000003001000000000000000030010000000000000000322222222222222222223
1
2
 
0010000000000200000000100000000002000000001000000000020000000010000000000200000000100000000002000000001000000000020000000010000000000200000000100000000002000000001000000000020000000010000000000200000000100000000002000000001000000000020000004444444444444444444400100000000002000000001000000000020000000010000000000200000000100000000002000000001000000000020000000010000000000200000033333333333332333333
1
2
 
0020000000001000000000200000000010000000002000000000100000000020000000001000000000200000000010000000333333333333333333330020000000001000000000200000000010000000002000000000100000000020000000001000000000200000000010000000002000000000100000000020000000001000000000200000000010000000002000000000100000000020000000001000000000200000000010000000002000000000100000004444444444441444444400200000000010000000
1
1
 
0103000000000000000001030000000000000000010300000000000000002222222222222222222201030000000000000000010300000000000000000103000000000000000001030000000000000000010300000000000000004443444444444444444401030000000000000000010300000000000000000103000000000000000001030000000000000000010300000000000000000103000000000000000001030000000000000000010300000000000000000103000000000000000001030000000000000000
1
3
 
1000000000030000000010000000000300000000100000000003000000001000000000030000000010000000000300000000100000000003000000004444444444434444444422222222222222222222100000000003000000001000000000030000000010000000000300000000100000000003000000001000000000030000000010000000000300000000100000000003000000001000000000030000000010000000000300000000100000000003000000001000000000030000000010000000000300000000
1
3
 
0000000000000004200000000000000000042000000000000000000420000000000000000004200000000000000000042000000000000000000420000000000000000004200011111111111111142111000000000000000420000000000000000004200000000000000000042000000000000000000420000000000000000004200033333333333333343333000000000000000420000000000000000004200000000000000000042000000000000000000420000000000000000004200000000000000000042000
1
3
 
0040000000000000001000400000000000000010334333333333333333330040000000000000001022222222222222222222004000000000000000100040000000000000001000400000000000000010004000000000000000100040000000000000001000400000000000000010004000000000000000100040000000000000001000400000000000000010004000000000000000100040000000000000001000400000000000000010004000000000000000100040000000000000001000400000000000000010
1
4
 
0030000000200000000000300000002000000000003000000020000000000030000000200000000000300000002000000000113111111121111111110030000000200000000000300000002000000000003000000020000000000030000000200000000000300000002000000000444444444424444444440030000000200000000000300000002000000000003000000020000000000030000000200000000000300000002000000000003000000020000000000030000000200000000000300000002000000000
1
4
 
0000000020000000300000000000200000003000000000002000000030004444444424444444444400000000200000003000000000002000000030000000000020000000300000000000200000003000000000002000000030000000000020000000300000000000200000003000000000002000000030000000000020000000300000000000200000003000000000002000000030000000000020000000300000000000200000003000000000002000000030001111111121111111311100000000200000003000
1
4
 
0000000001000000000400000000010000000004000000000100000000040000000001000000000400000000010000000004000000000100000000040000000001000000000400000000010000000004000000000100000000040000000001000000000400000000010000000004000000000100000000042222222221222222222400000000010000000004000000000100000000040000000001000000000400000000010000000004000000000100000000043333333333333333333400000000010000000004
1
3
 
4444444344444444444401000003000000000000010000030000000000000100000300000000000001000003000000000000010000030000000000000100000300000000000001000003000000000000010000030000000000000100000300000000000001000003000000000000010000030000000000000100000300000000000001000003000000000000010000030000000000000100000300000000000021222223222222222222010000030000000000000100000300000000000001000003000000000000
1
4
 
3000000000000200000030000000000002000000300000000000020000003000000000000200000030000000000002000000311111111111111111113000000000000200000030000000000002000000300000000000020000003000000000000200000044444444444444444444300000000000020000003000000000000200000030000000000002000000300000000000020000003000000000000200000030000000000002000000300000000000020000003000000000000200000030000000000002000000
1
3
 
0000001000000000000300000010000000000003000000100000000000030000001000000000000300000010000000000003000000100000000000030000001000000000000300000010000000000003000000100000000000030000001000000000000300000010000000000003444444444444444444440000001000000000000300000010000000000003000000100000000000030000001000000000000300000010000000000003000000100000000000030000001000000000000322222222222222222223
1
3
 
0000100000200000000000001000002000000000000010000020000000000000100000200000000000001000002000000000000010000020000000000000100000200000000000001000002000000000000010000020000000000000100000200000000000001000002000000000000010000020000000000000100000200000000033333333332333333333000010000020000000000000100000200000000044444444444444444444000010000020000000000000100000200000000000001000002000000000
1
2
 
0000200000000000004033333333333333333343000020000000000000400000200000000000004000002000000000000040000020000000000000400000200000000000004000002000000000000040000020000000000000400000200000000000004011112111111111111141000020000000000000400000200000000000004000002000000000000040000020000000000000400000200000000000004000002000000000000040000020000000000000400000200000000000004000002000000000000040
1
3
 
0200000000004000000002000000000040000000020000000000400000000200000000004000000002000000000040000000020000000000400000000200000000004000000002000000000040000000020000000000400000000200000000004000000002000000000040000000111111111111411111110200000000004000000002000000000040000000333333333333333333330200000000004000000002000000000040000000020000000000400000000200000000004000000002000000000040000000
1
4
 
0300000000000000002003000000000000000020030000000000000000200300000000000000002013111111111111111121030000000000000000200300000000000000002003000000000000000020444444444444444444240300000000000000002003000000000000000020030000000000000000200300000000000000002003000000000000000020030000000000000000200300000000000000002003000000000000000020030000000000000000200300000000000000002003000000000000000020
1
4
 
0000000040010000000000000000400100000000000000004001000000000000000040010000000000000000400100000000333333333333333333330000000040010000000000000000400100000000000000004001000000000000000040010000000000000000400100000000000000004001000000000000000040010000000000000000400100000000000000004001000000000000000040010000000000000000400100000000000000004001000000002222222242222222222200000000400100000000
1
4
 
3332333333333333333300020000000000010000000200000000000100000002000000000001000000020000000000010000000200000000000100000002000000000001000000020000000000010000000200000000000100000002000000000001000000020000000000010000000200000000000100000002000000000001000000020000000000010000000200000000000100000002000000000001000000020000000000010000444444444444444444440002000000000001000000020000000000010000
1
2
 
3333333333333333333300000400000000000020000004000000000000200000040000000000002000000400000000000020000004000000000000200000040000000000002000000400000000000020000004000000000000200000040000000000002000000400000000000020000004000000000000200000040000000000002000000400000000000020000004000000000000201111111111111111112100000400000000000020000004000000000000200000040000000000002000000400000000000020
1
2
 
3000000000000100000030000000000001000000300000000000010000003000000000000100000030000000000001000000300000000000010000003000000000000100000030000000000001000000344444444444414444443000000000000100000032222222222222222222300000000000010000003000000000000100000030000000000001000000300000000000010000003000000000000100000030000000000001000000300000000000010000003000000000000100000030000000000001000000
1
2
 
0000000400100000000000000004001000000000000000040010000000000000000400100000000000000004001000000000000000040010000000000000000400100000000000000004001000000000000000040010000000002222222222122222222200000004001000000000000000040010000000000000000400100000000000000004001000000000000000040010000000000000000400100000000000000004001000000000000000040010000000000000000400100000000033333333333333333333
1
1
 
4444444444444144444400000000000001000020000000000000010000200000000000000100002000000000000001000020000000000000010000200000000000000100002000000000000001000020000000000000010000203333333333333333333300000000000001000020000000000000010000200000000000000100002000000000000001000020000000000000010000200000000000000100002000000000000001000020000000000000010000200000000000000100002000000000000001000020
1
1
 
0000000000003400000000000000000034000000000000000000340000000000000000003400000022222222222232222222000000000000340000000000000000003400000000000000000034000000000000000000340000000000000000003400000000000000000034000000000000000000340000000000000000003400000000000000000034000000000000000000340000000000000000003400000000000000000034000000111111111111341111110000000000003400000000000000000034000000
1
2
 
0030000000000000001000300000000000000010003000000000000000100030000000000000001000300000000000000010223222222222222222220030000000000000001000300000000000000010444444444444444444440030000000000000001000300000000000000010003000000000000000100030000000000000001000300000000000000010003000000000000000100030000000000000001000300000000000000010003000000000000000100030000000000000001000300000000000000010
1
3
 
2000001000000000000033333333333333333333200000100000000000002000001000000000000020000010000000000000200000100000000000002000001000000000000024444444444444444444200000100000000000002000001000000000000020000010000000000000200000100000000000002000001000000000000020000010000000000000200000100000000000002000001000000000000020000010000000000000200000100000000000002000001000000000000020000010000000000000
1
2
 
0000040000200000000000000400002000000000000004000020000000000000040000200000000000000400002000000000000004000020000000000000040000200000000000000400002000000000000004000020000000000000040000200000000011111411112111111111000004000020000000000000040000200000000000000400002000000000000004000020000000000000040000200000000000000400002000000000000004000020000000000000040000200000000033333433333333333333
1
3
 
0300000004000000000003000000040000000000030000000400000000000300000004000000000003000000040000000000030000000400000000000300000004000000000003000000040000000000030000000400000000000300000004000000000003000000040000000000222222222222222222220300000004000000000003000000040000000000030000000400000000000300000004000000000003000000040000000000030000000400000000001311111111111111111103000000040000000000
1
3
 
0000104000000000000033333343333333333333000010400000000000000000104000000000000000001040000000000000000010400000000000000000104000000000000000001040000000000000000010400000000000002222124222222222222200001040000000000000000010400000000000000000104000000000000000001040000000000000000010400000000000000000104000000000000000001040000000000000000010400000000000000000104000000000000000001040000000000000
1
3
 
0000000001000400000000000000010004000000000000000100040000000000000001000400000000000000010004000000000000000100040000003333333333333333333300000000010004000000000000000100040000000000000001000400000000000000010004000000000000000100040000000000000001000400000000000000010004000000000000000100040000002222222221222222222200000000010004000000000000000100040000000000000001000400000000000000010004000000
1
1
 
0010000400000000000000100004000000000000001000040000000000000010000400000000000000100004000000000000001000040000000000000010000400000000000033333334333333333333001000040000000000000010000400000000000000100004000000000000001000040000000000000010000400000000000000100004000000000000001000040000000000000010000400000000000000100004000000000000001000040000000000000010000400000000000022222222222222222222
1
4
 
0000004000100000000000000040001000000000000000400010000000000000004000100000000000000040001000000000000000400010000000000000004000100000000000000040001000000000000000400010000000000000004000100000000000000040001000000000000000400010000000000000004000100000000000000040001000000000000000400010000000000000004000100000000022222242222222222222333333333333333333330000004000100000000000000040001000000000
1
4
 
0000000000100040000000000000001000400000000000000010004000000000000000100040000000000000001000400000000000000010004000000000000000100040000000000000001000400000000000000010004000000000000000100040000000000000001000400000333333333333334333330000000000100040000000000000001000400000000000000010004000000000000000100040000000000000001000400000000000000010004000002222222222222222222200000000001000400000
1
4
 
0000000000000030000400000000000000300004000000000000003000040000000000000030000400000000000000300004000000000000003000040000000000000030000400000000000000300004000000000000003000040000000000000030000400000000000000300004000000000000003000040000000000000030000400000000000000300004000000000000003000040000000000000030000400000000000000300004111111111111113111142222222222222232222200000000000000300004
1
2
 
0000030000040000000022222222222422222222000003000004000000000000030000040000000000000300000400000000000003000004000000000000030000040000000000000300000400000000111113111114111111110000030000040000000000000300000400000000000003000004000000000000030000040000000000000300000400000000000003000004000000000000030000040000000000000300000400000000000003000004000000000000030000040000000000000300000400000000
1
2
 
1111111421111111111100000004200000000000000000042000000000000000000420000000000000000004200000000000000000042000000000000000000420000000000000000004200000000000000000042000000000000000000420000000000000000004200000000000000000042000000000000000000420000000000000000004200000000000000000042000000000000000000420000000000000000004200000000000333333343333333333330000000420000000000000000004200000000000
1
3
 
0000000000000003001000000000000000030010000000000000000300104444444444444444444400000000000000030010000000000000000300100000000000000003001000000000000000030010000000000000000300102222222222222223222200000000000000030010000000000000000300100000000000000003001000000000000000030010000000000000000300100000000000000003001000000000000000030010000000000000000300100000000000000003001000000000000000030010
1
3
 
0000000020000000004000000000200000000040000000002000000000400000000020000000004000000000200000000040000000002000000000403333333333333333333300000000200000000040000000002000000000400000000020000000004000000000200000000040000000002000000000401111111121111111111100000000200000000040000000002000000000400000000020000000004000000000200000000040000000002000000000400000000020000000004000000000200000000040
1
2
 
0000000002400000000000000000024000000000000000000240000000000000000002400000000000000000024000000000000000000240000000001111111111411111111100000000024000000000000000000240000000000000000002400000000000000000024000000000333333333333333333330000000002400000000000000000024000000000000000000240000000000000000002400000000000000000024000000000000000000240000000000000000002400000000000000000024000000000
1
4
 
0000020000010000000000000200000100000000000002000001000000000000020000010000000000000200000100000000000002000001000000000000020000010000000000000200000100000000000002000001000000000000020000010000000000000200000100000000000002000001000000000000020000010000000000000200000100000000000002000001000000000000020000010000000000000200000100000000444444444441444444443333333333333333333300000200000100000000
1
1
 
3333333333333333233300000000000000102000444444444444444444440000000000000010200000000000000000102000000000000000001020000000000000000010200000000000000000102000000000000000001020000000000000000010200000000000000000102000000000000000001020000000000000000010200000000000000000102000000000000000001020000000000000000010200000000000000000102000000000000000001020000000000000000010200000000000000000102000
1
2
 
0000000020000000040000000000200000000400000000002000000004000000000020000000040000000000200000000400000000002000000004000000000020000000040000000000200000000400000000002000000004000000000020000000040000000000200000000400000000002000000004000000000020000000040000000000200000000400000000002000000004003333333323333333333300000000200000000400111111112111111114110000000020000000040000000000200000000400
1
3
 
0000200000000000400000002000000000004000000020000000000040000000200000000000400000002000000000004000333323333333333333331111211111111111411100002000000000004000000020000000000040000000200000000000400000002000000000004000000020000000000040000000200000000000400000002000000000004000000020000000000040000000200000000000400000002000000000004000000020000000000040000000200000000000400000002000000000004000
1
3
 
0000000000004000002000000000000040000020000000000000400000201111111111114111112133333333333343333333000000000000400000200000000000004000002000000000000040000020000000000000400000200000000000004000002000000000000040000020000000000000400000200000000000004000002000000000000040000020000000000000400000200000000000004000002000000000000040000020000000000000400000200000000000004000002000000000000040000020
1
3
 
0000000000002300000000000000000023000000000000000000230000000000000000002300000044444444444443444444000000000000230000001111111111112311111100000000000023000000000000000000230000000000000000002300000000000000000023000000000000000000230000000000000000002300000000000000000023000000000000000000230000000000000000002300000000000000000023000000000000000000230000000000000000002300000000000000000023000000
1
4
 
2222222232222222222214444444344444444444100000003000000000001000000030000000000010000000300000000000100000003000000000001000000030000000000010000000300000000000100000003000000000001000000030000000000010000000300000000000100000003000000000001000000030000000000010000000300000000000100000003000000000001000000030000000000010000000300000000000100000003000000000001000000030000000000010000000300000000000
1
2
 
0400002000000000000004000020000000000000040000200000000000000400002000000000000004000020000000000000040000200000000000000400002000000000000004000020000000000000040000200000000000001111112111111111111104000020000000000000040000200000000000000400002000000000000004000020000000000000040000200000000000000400002000000000000033333333333333333333040000200000000000000400002000000000000004000020000000000000
1
2
 
0030000100000000000000300001000000000000003000010000000000000030000100000000000000300001000000000000003000010000000000000030000100000000000000300001000000000000223222222222222222220030000100000000000000300001000000000000003000010000000000000030000100000000000000300001000000000000003000010000000000000030000100000000000000300001000000000000003000010000000000004444444444444444444400300001000000000000
1
3
 
4444444444424444443400000000000200000030000000000002000000300000000000020000003000000000000200000030111111111111111111310000000000020000003000000000000200000030000000000002000000300000000000020000003000000000000200000030000000000002000000300000000000020000003000000000000200000030000000000002000000300000000000020000003000000000000200000030000000000002000000300000000000020000003000000000000200000030
1
1
 
0000004000200000000000000040002000000000000000400020000000000000004000200000000000000040002000000000000000400020000000000000004000200000000000000040002000000000000000400020000000000000004000200000000000000040002000000000000000400020000000000000004000200000000000000040002000000000000000400020000000000000004000200000000011111141112111111111333333433333333333330000004000200000000000000040002000000000
1
3
 
0000000100040000000000000001000400000000000000010004000000000000000100040000000000000001000400000000000000010004000000000000000100040000000000000001000400000000000000010004000000000000000100040000000022222222222222222222000000010004000000000000000100040000000000000001000400000000000000010004000000000000000100040000000033333333333433333333000000010004000000000000000100040000000000000001000400000000
1
4
 
0000000000000000030200000000000000000302000000000000000003020000000000000000030200000000000000000302000000000000000003020000000000000000030200000000000000000302000000000000000003020000000000000000030200000000000000000302444444444444444443440000000000000000030200000000000000000302000000000000000003021111111111111111131200000000000000000302000000000000000003020000000000000000030200000000000000000302
1
4
 
0000000300000100000000000003000001000000000000030000010000002222222322222122222200000003000001000000000000030000010000000000000300000100000000000003000001000000000000030000010000000000000300000100000000000003000001000000000000030000010000000000000300000100000044444443444444444444000000030000010000000000000300000100000000000003000001000000000000030000010000000000000300000100000000000003000001000000
1
4
 
0000002000004000000000000020000040000000000000200000400000000000002000004000000000000020000040000000000000200000400000000000002000004000000000000020000040000000000000200000400000000000002000004000000011111121111141111111333333233333333333330000002000004000000000000020000040000000000000200000400000000000002000004000000000000020000040000000000000200000400000000000002000004000000000000020000040000000
1
3
 
0010000000000003000000100000000000030000001000000000000300000010000000000003000000100000000000030000221222222222222322220010000000000003000044444444444444434444001000000000000300000010000000000003000000100000000000030000001000000000000300000010000000000003000000100000000000030000001000000000000300000010000000000003000000100000000000030000001000000000000300000010000000000003000000100000000000030000
1
4
 
0002000003000000000000020000030000000000000200000300000000000002000003000000000000020000030000000000000200000300000000000002000003000000000000020000030000000000444444444444444444441111111113111111111100020000030000000000000200000300000000000002000003000000000000020000030000000000000200000300000000000002000003000000000000020000030000000000000200000300000000000002000003000000000000020000030000000000
1
3
 
0000012000000000000000000120000000000000000001200000000000000000012000000000000000000120000000000000000001200000000000000000012000000000000033333333333333333333000001200000000000000000012000000000000000000120000000000000444444244444444444440000012000000000000000000120000000000000000001200000000000000000012000000000000000000120000000000000000001200000000000000000012000000000000000000120000000000000
1
2
 
0200000000004000000002000000000040000000323333333333333333330200000000004000000002000000000040000000020000000000400000000200000000004000000002000000000040000000020000000000400000000200000000004000000002000000000040000000020000000000400000000200000000004000000002000000000040000000121111111111411111110200000000004000000002000000000040000000020000000000400000000200000000004000000002000000000040000000
1
3
 
0000004000002000000000000040000020000000000000400000200000000000004000002000000000000040000020000000000000400000200000000000004000002000000000000040000020000000000000400000200000001111114111112111111100000040000020000000000000400000200000000000004000002000000033333343333333333333000000400000200000000000004000002000000000000040000020000000000000400000200000000000004000002000000000000040000020000000
1
3
 
3000000000000020000030000000000000200000300000000000002000003000000000000020000030000000000000200000300000000000002000003000000000000020000030000000000000200000300000000000002000003000000000000020000030000000000000200000300000000000002000003444444444444424444430000000000000200000300000000000002000003000000000000020000030000000000000200000311111111111111111113000000000000020000030000000000000200000
1
1
 
0100000000000000040001000000000000000400010000000000000004000100000000000000040001000000000000000400010000000000000004000100000000000000040001000000000000000400010000000000000004000100000000000000040001000000000000000400010000000000000004000100000000000000040001000000000000000400010000000000000004000100000000000000040033333333333333333433010000000000000004002122222222222222242201000000000000000400
1
3
 
0000000002000000100000000000020000001000000000000200000010000000000002000000100000000000020000001000000000000200000010000000000002000000100000000000020000001000000000000200000010000000000002000000100000000000020000001000000000000200000010000000000002000000100000000000020000001000000000000200000010004444444442444444144433333333323333333333000000000200000010000000000002000000100000000000020000001000
1
3
 
0000000000000000400100000000000000004001000000000000000040010000000000000000400100000000000000004001222222222222222242210000000000000000400100000000000000004001333333333333333343330000000000000000400100000000000000004001000000000000000040010000000000000000400100000000000000004001000000000000000040010000000000000000400100000000000000004001000000000000000040010000000000000000400100000000000000004001
1
3
 
0000000004000010000000000000040000100000333333333433333333330000000004000010000000000000040000100000000000000400001000000000000004000010000000000000040000100000000000000400001000000000000004000010000000000000040000100000222222222422221222220000000004000010000000000000040000100000000000000400001000000000000004000010000000000000040000100000000000000400001000000000000004000010000000000000040000100000
1
3
 
0400000000000000001004000000000000000010040000000000000000100400000000000000001004000000000000000010040000000000000000100400000000000000001004000000000000000010222222222222222222120400000000000000001033333333333333333333040000000000000000100400000000000000001004000000000000000010040000000000000000100400000000000000001004000000000000000010040000000000000000100400000000000000001004000000000000000010
1
1
 
0000000000300001000000000000003000010000000000000030000100000000000000300001000000000000003000010000000000000030000100004444444444344441444400000000003000010000000000000030000100000000000000300001000022222222223222222222000000000030000100000000000000300001000000000000003000010000000000000030000100000000000000300001000000000000003000010000000000000030000100000000000000300001000000000000003000010000
1
2
 
0000000100000000200000000001000000002000000000010000000020000000000100000000200000000001000000002000000000010000000020000000000100000000200000000001000000002000444444444444444444440000000100000000200000000001000000002000000000010000000020000000000100000000200000000001000000002000000000010000000020000000000100000000200000000001000000002000000000010000000020003333333333333333233300000001000000002000
1
2
 
0000000000030000200000000000000300002000000000000003000020000000000000030000200000000000000300002000000000000003000020004444444444444444444400000000000300002000000000000003000020000000000000030000200011111111111311111111000000000003000020000000000000030000200000000000000300002000000000000003000020000000000000030000200000000000000300002000000000000003000020000000000000030000200000000000000300002000
1
3
 
0003000000100000000000030000001000000000000300000010000000002223222222122222222200030000001000000000000300000010000000000003000000100000000000030000001000000000000300000010000000000003000000100000000000030000001000000000444344444444444444440003000000100000000000030000001000000000000300000010000000000003000000100000000000030000001000000000000300000010000000000003000000100000000000030000001000000000
1
4
 
0000001000000000200000000010000000002000444444144444444444440000001000000000200000000010000000002000000000100000000020000000001000000000200000000010000000002000000000100000000020000000001000000000200000000010000000002000000000100000000020000000001000000000200000000010000000002000000000100000000020000000001000000000200000000010000000002000333333333333333333330000001000000000200000000010000000002000
1
1
 
0003000100000000000000030001000000000000000300010000000000000003000100000000000000030001000000000000000300010000000000000003000100000000000000030001000000000000000300010000000000000003000100000000000000030001000000000000222322222222222222220003000100000000000000030001000000000000000300010000000000000003000100000000000044444444444444444444000300010000000000000003000100000000000000030001000000000000
1
3
 
1111111111111111114100000002000000000040000000020000000000400000000200000000004000000002000000000040000000020000000000400000000200000000004000000002000000000040000000020000000000400000000200000000004000000002000000000040000000020000000000400000000200000000004000000002000000000040000000020000000000400000000200000000004033333333333333333333000000020000000000400000000200000000004000000002000000000040
1
4
 
0000000000000001000200000000000000010002333333333333333333320000000000000001000200000000000000010002000000000000000100020000000000000001000200000000000000010002000000000000000100020000000000000001000200000000000000010002000000000000000100020000000000000001000200000000000000010002000000000000000100024444444444444444444400000000000000010002000000000000000100020000000000000001000200000000000000010002
1
2
 
0000300000100000000000003000001000000000000030000010000000000000300000100000000000003000001000000000000030000010000000000000300000100000000000003000001000000000000030000010000000002222222222222222222200003000001000000000000030000010000000000000300000100000000000003000001000000000000030000010000000000000300000100000000000003000001000000000000030000010000000004444344444444444444400003000001000000000
1
3
 
2000000000000004000020000000000000040000200000000000000400002000000000000004000020000000000000040000200000000000000400002000000000000004000020000000000000040000211111111111111111112000000000000004000020000000000000040000200000000000000400002000000000000004000020000000000000040000200000000000000400003333333333333333333320000000000000040000200000000000000400002000000000000004000020000000000000040000
1
2
 
0300000000010000000003000000000100000000030000000001000000002322222222222222222203000000000100000000030000000001000000000300000000010000000043444444444144444444030000000001000000000300000000010000000003000000000100000000030000000001000000000300000000010000000003000000000100000000030000000001000000000300000000010000000003000000000100000000030000000001000000000300000000010000000003000000000100000000
1
2
 
0020000000003000000011111111111131111111002000000000300000000020000000003000000000200000000030000000002000000000300000000020000000003000000000200000000030000000002000000000300000000020000000003000000000200000000030000000002000000000300000000020000000003000000000200000000030000000002000000000300000000020000000003000000044244444444434444444002000000000300000000020000000003000000000200000000030000000
1
1
 
0000000000000030020000000000000000300200000000000000003002000000000000000030020011111111111111311111000000000000003002000000000000000030020044444444444444344244000000000000003002000000000000000030020000000000000000300200000000000000003002000000000000000030020000000000000000300200000000000000003002000000000000000030020000000000000000300200000000000000003002000000000000000030020000000000000000300200
1
1
 
0000040000000000020000000400000000000200000004000000000002000000040000000000020000000400000000000200000004000000000002000000040000000000020000000400000000000200000004000000000002001111141111111111111100000400000000000200000004000000000002000000040000000000020000000400000000000200000004000000000002000000040000000000020033333333333333333333000004000000000002000000040000000000020000000400000000000200
1
4
 
0000000000003000000244444444444434444442000000000000300000020000000000003000000200000000000030000002000000000000300000020000000000003000000200000000000030000002000000000000300000020000000000003000000211111111111131111111000000000000300000020000000000003000000200000000000030000002000000000000300000020000000000003000000200000000000030000002000000000000300000020000000000003000000200000000000030000002
1
1
 
0000000403000000000000000004030000000000000000040300000000000000000403000000000000000004030000000000000000040300000000000000000403000000000000000004030000000000000000040300000000000000000403000000000011111114131111111111000000040300000000000000000403000000000000000004030000000000000000040300000000000000000403000000000000000004030000000000000000040300000000000000000403000000000022222224222222222222
1
2
 
0000000000003000004000000000000030000040000000000000300000400000000000003000004000000000000030000040000000000000300000400000000000003000004000000000000030000040222222222222322222220000000000003000004000000000000030000040000000000000300000400000000000003000004000000000000030000040000000000000300000400000000000003000004000000000000030000040000000000000300000400000000000003000004011111111111131111141
1
2
 
2100000000000000000021000000000000000000210000000000000000003333333333333333333321000000000000000000210000000000000000002100000000000000000021000000000000000000210000000000000000002100000000000000000021000000000000000000414444444444444444442100000000000000000021000000000000000000210000000000000000002100000000000000000021000000000000000000210000000000000000002100000000000000000021000000000000000000
1
1
 
0000002000000000000100000020000000000001000000200000000000010000002000000000000100000020000000000001000000200000000000013333333333333333333300000020000000000001000000200000000000014444444444444444444100000020000000000001000000200000000000010000002000000000000100000020000000000001000000200000000000010000002000000000000100000020000000000001000000200000000000010000002000000000000100000020000000000001
1
1
 
0040000000000000200000400000000000002000004000000000000020000040000000000000200000400000000000002000004000000000000020000040000000000000200000400000000000002000004000000000000020000040000000000000200000400000000000002000004000000000000020003333333333333333333300400000000000002000004000000000000020000040000000000000200000400000000000002000004000000000000020001141111111111111111100400000000000002000
1
4
 
0000000200000000003000000002000000000030000000020000000000300000000200000000003000000002000000000030000000020000000000301111111211111111113100000002000000000030000000020000000000300000000200000000003000000002000000000030444444424444444444440000000200000000003000000002000000000030000000020000000000300000000200000000003000000002000000000030000000020000000000300000000200000000003000000002000000000030
1
4
 
0000002000300000000000000020003000000000000000200030000000000000002000300000000000000020003000000000000000200030000000000000002000300000000000000020003000000000000000200030000000000000002000300000000000000020003000000000000000200030000000001111112111311111111100000020003000000000444444244444444444440000002000300000000000000020003000000000000000200030000000000000002000300000000000000020003000000000
1
4
 
0000000020040000000000000000200400000000000000002004000000000000000020040000000000000000200400000000000000002004000000000000000020040000000000000000200400000000000000002004000000000000000020040000000011111111211111111111000000002004000000000000000020040000000000000000200400000000000000002004000000000000000020040000000000000000200400000000000000002004000000003333333333333333333300000000200400000000
1
2
 
0000340000000000000000003400000000000000000034000000000000000000340000000000000000003400000000000000000034000000000000001111341111111111111100003400000000000000000034000000000000000000340000000000000000003400000000000000000034000000000000000000340000000000000000003400000000000000000034000000000000002222322222222222222200003400000000000000000034000000000000000000340000000000000000003400000000000000
1
2
 
0000010020000000000000000100200000000000000001002000000000000000010020000000000000000100200000000000444444442444444444440000010020000000000000000100200000000000000001002000000000000000010020000000000000000100200000000000000001002000000000000000010020000000000000000100200000000000000001002000000000000000010020000000000033333333333333333333000001002000000000000000010020000000000000000100200000000000
1
2
 
2030000000000000000021311111111111111111203000000000000000002030000000000000000020300000000000000000203000000000000000002444444444444444444420300000000000000000203000000000000000002030000000000000000020300000000000000000203000000000000000002030000000000000000020300000000000000000203000000000000000002030000000000000000020300000000000000000203000000000000000002030000000000000000020300000000000000000
1
4
 
0000030200000000000000000302000000000000000003020000000000000000030200000000000000000302000000000000000003020000000000000000030200000000000044444344444444444444000003020000000000000000030200000000000000000302000000000000000003020000000000001111131211111111111100000302000000000000000003020000000000000000030200000000000000000302000000000000000003020000000000000000030200000000000000000302000000000000
1
4
 
1000000002000000000010000000020000000000100000000200000000003333333333333333333310000000020000000000100000000200000000001000000002000000000010000000020000000000100000000200000000001000000002000000000010000000020000000000100000000200000000001000000002000000000014444444444444444444100000000200000000001000000002000000000010000000020000000000100000000200000000001000000002000000000010000000020000000000
1
1
 
1111111411111111111100000004000000000020000000040000000000200000000400000000002000000004000000000020000000040000000000200000000400000000002000000004000000000020000000040000000000200000000400000000002000000004000000000020000000040000000000203333333333333333333300000004000000000020000000040000000000200000000400000000002000000004000000000020000000040000000000200000000400000000002000000004000000000020
1
4
 
4444444444444444444400000000000210000000000000000002100000000000000000021000000000000000000210000000333333333332333333330000000000021000000000000000000210000000000000000002100000000000000000021000000000000000000210000000000000000002100000000000000000021000000000000000000210000000000000000002100000000000000000021000000000000000000210000000000000000002100000000000000000021000000000000000000210000000
1
2
 
0000000200000000003000000002000000000030000000020000000000300000000200000000003000000002000000000030000000020000000000300000000200000000003000000002000000000030000000020000000000304444444244444444444400000002000000000030000000020000000000300000000200000000003000000002000000000030000000020000000000300000000200000000003000000002000000000030000000020000000000300000000200000000003011111112111111111131
1
4
 
0000100000000004000033333333333333333333000010000000000400000000100000000004000022221222222222222222000010000000000400000000100000000004000000001000000000040000000010000000000400000000100000000004000000001000000000040000000010000000000400000000100000000004000000001000000000040000000010000000000400000000100000000004000000001000000000040000000010000000000400000000100000000004000000001000000000040000
1
1
 
1040000000000000000010400000000000000000104000000000000000001040000000000000000010400000000000000000104000000000000000001040000000000000000010400000000000000000104000000000000000001040000000000000000010400000000000000000104000000000000000001040000000000000000022222222222222222222104000000000000000001040000000000000000010400000000000000000334333333333333333331040000000000000000010400000000000000000
1
4
 
0000000023000000000000000000230000000000000000002300000000000000000023000000000000000000230000000000000000002300000000000000000023000000000000000000230000000000000000002300000000000000000023000000000000000000230000000000000000002300000000000000000023000000000000000000230000000000000000002300000000000000000023000000000000000000230000000000444444442344444444441111111113111111111100000000230000000000
1
1
 
0000000000000001004000000000000000010040000000000000000100400000000000000001004000000000000000010040000000000000000100400000000000000001004000000000000000010040000000000000000100400000000000000001004000000000000000010040333333333333333333330000000000000001004022222222222222222242000000000000000100400000000000000001004000000000000000010040000000000000000100400000000000000001004000000000000000010040
1
4
 
0000000000004100000000000000000041000000000000000000410000000000000000004100000033333333333343333333000000000000410000000000000000004100000000000000000041000000000000000000410000000000000000004100000000000000000041000000000000000000410000000000000000004100000000000000000041000000000000000000410000000000000000004100000000000000000041000000000000000000410000000000000000004100000022222222222222222222
1
4
 
0000000004003000000000000000040030000000000000000400300000000000000004003000000000000000040030000000000000000400300000000000000004003000000000000000040030000000000000000400300000000000000004003000000022222222242232222222000000000400300000001111111111113111111100000000040030000000000000000400300000000000000004003000000000000000040030000000000000000400300000000000000004003000000000000000040030000000
1
1
 
0000000300000001000000000003000000010000000000030000000100000000000300000001000000000003000000010000000000030000000100000000000300000001000044444443444444414444000000030000000100000000000300000001000000000003000000010000000000030000000100000000000300000001000000000003000000010000000000030000000100000000000300000001000000000003000000010000222222232222222222220000000300000001000000000003000000010000
1
2
 
0000000000001400000000000000000014000000000000000000140000000000000000001400000000000000000014000000000000000000140000003333333333333333333300000000000014000000000000000000140000000000000000001400000000000000000014000000222222222222242222220000000000001400000000000000000014000000000000000000140000000000000000001400000000000000000014000000000000000000140000000000000000001400000000000000000014000000
1
4
 
0000000000100020000000000000001000200000000000000010002000000000000000100020000000000000001000200000000000000010002000000000000000100020000000000000001000200000000000000010002000004444444444144444444400000000001000200000000000000010002000000000000000100020000000000000001000200000000000000010002000000000000000100020000033333333333333333333000000000010002000000000000000100020000000000000001000200000
1
1
 
0300000000002000000003000000000020000000030000000000200000000300000000002000000003000000000020000000131111111111211111110300000000002000000003000000000020000000444444444444244444440300000000002000000003000000000020000000030000000000200000000300000000002000000003000000000020000000030000000000200000000300000000002000000003000000000020000000030000000000200000000300000000002000000003000000000020000000
1
4
 
0030000000002000000000300000000020000000003000000000200000000030000000002000000000300000000020000000003000000000200000000030000000002000000000300000000020000000113111111111111111110030000000002000000000300000000020000000003000000000200000000030000000002000000000300000000020000000003000000000200000000030000000002000000044344444444424444444003000000000200000000030000000002000000000300000000020000000
1
1
 
0000000002000000040000000000020000000400000000000200000004000000000002000000040000000000020000000400333333333333333333330000000002000000040000000000020000000400000000000200000004000000000002000000040000000000020000000400000000000200000004000000000002000000040000000000020000000400111111111111111114110000000002000000040000000000020000000400000000000200000004000000000002000000040000000000020000000400
1
4
 
0000000040030000000000000000400300000000111111114113111111110000000040030000000000000000400300000000000000004003000000000000000040030000000000000000400300000000000000004003000000002222222242222222222200000000400300000000000000004003000000000000000040030000000000000000400300000000000000004003000000000000000040030000000000000000400300000000000000004003000000000000000040030000000000000000400300000000
1
2
 
0000004000000000003000000040000000000030000000400000000000302222224222222222222211111141111111111131000000400000000000300000004000000000003000000040000000000030000000400000000000300000004000000000003000000040000000000030000000400000000000300000004000000000003000000040000000000030000000400000000000300000004000000000003000000040000000000030000000400000000000300000004000000000003000000040000000000030
1
2
 
0030000400000000000000300004000000000000003000040000000000000030000400000000000000300004000000000000113111111111111111110030000400000000000000300004000000000000003000040000000000000030000400000000000000300004000000000000003000040000000000000030000400000000000000300004000000000000003000040000000000000030000400000000000000300004000000000000003000040000000000002232222422222222222200300004000000000000
1
1
 
1000400000000000000010004000000000000000100040000000000000003333333333333333333310004000000000000000100040000000000000001000400000000000000010004000000000000000100040000000000000001000400000000000000010004000000000000000100040000000000000001000400000000000000010004000000000000000222242222222222222221000400000000000000010004000000000000000100040000000000000001000400000000000000010004000000000000000
1
4
 
0000020000000030000000000200000000300000000002000000003000000000020000000030000000000200000000300000000002000000003000000000020000000030000011111111111111311111000002000000003000000000020000000030000000000200000000300000000002000000003000000000020000000030000044444244444444344444000002000000003000000000020000000030000000000200000000300000000002000000003000000000020000000030000000000200000000300000
1
1
 
0000000000020030000000000000000200300000444444444444443444440000000000020030000011111111111211311111000000000002003000000000000000020030000000000000000200300000000000000002003000000000000000020030000000000000000200300000000000000002003000000000000000020030000000000000000200300000000000000002003000000000000000020030000000000000000200300000000000000002003000000000000000020030000000000000000200300000
1
4
 
0000000000000140000000000000000001400000000000000000014000000000000000000140000000000000000001400000000000000000014000000000000000000140000000000000000001400000333333333333333333330000000000000140000000000000000001400000000000000000014000000000000000000140000000000000000001400000222222222222212222220000000000000140000000000000000001400000000000000000014000000000000000000140000000000000000001400000
1
1
 
1000000002000000000010000000020000000000100000000200000000001000000002000000000010000000020000000000100000000200000000001000000002000000000033333333333333333333100000000200000000001000000002000000000010000000020000000000100000000200000000001000000002000000000010000000020000000000144444444444444444441000000002000000000010000000020000000000100000000200000000001000000002000000000010000000020000000000
1
1
 
0003000000200000000000030000002000000000111311111121111111110003000000200000000000030000002000000000000300000020000000000003000000200000000000030000002000000000000300000020000000000003000000200000000000030000002000000000444344444444444444440003000000200000000000030000002000000000000300000020000000000003000000200000000000030000002000000000000300000020000000000003000000200000000000030000002000000000
1
4
 
0000000000300001000044444444443444444444000000000030000100000000000000300001000000000000003000010000222222222232222122220000000000300001000000000000003000010000000000000030000100000000000000300001000000000000003000010000000000000030000100000000000000300001000000000000003000010000000000000030000100000000000000300001000000000000003000010000000000000030000100000000000000300001000000000000003000010000
1
4
 
0000000000002100000000000000000021000000000000000000210000000000000000002100000044444444444441444444000000000000210000000000000000002100000033333333333333333333000000000000210000000000000000002100000000000000000021000000000000000000210000000000000000002100000000000000000021000000000000000000210000000000000000002100000000000000000021000000000000000000210000000000000000002100000000000000000021000000
1
1
 
2222222222222222222100000000000040000001000000000000400000013333333333333333333300000000000040000001000000000000400000010000000000004000000100000000000040000001000000000000400000010000000000004000000100000000000040000001000000000000400000010000000000004000000100000000000040000001000000000000400000010000000000004000000100000000000040000001000000000000400000010000000000004000000100000000000040000001
1
1
 
0000000300200000000000000003002000000000000000030020000000000000000300200000000044444443442444444444000000030020000000000000000300200000000000000003002000000000000000030020000000000000000300200000000000000003002000000000111111131111111111110000000300200000000000000003002000000000000000030020000000000000000300200000000000000003002000000000000000030020000000000000000300200000000000000003002000000000
1
1
 
0300000040000000000003000000400000000000030000004000000000000300000040000000000003000000400000000000030000004000000000000300000040000000000003000000400000000000030000004000000000000300000040000000000003000000400000000000030000004000000000000300000040000000000003000000400000000000131111111111111111110300000040000000000023222222422222222222030000004000000000000300000040000000000003000000400000000000
1
1
 
0000200000000000300044442444444444444444000020000000000030000000200000000000300000002000000000003000000020000000000030000000200000000000300011112111111111113111000020000000000030000000200000000000300000002000000000003000000020000000000030000000200000000000300000002000000000003000000020000000000030000000200000000000300000002000000000003000000020000000000030000000200000000000300000002000000000003000
1
4
 
0000000000000003200000000000000000032000000000000000000320001111111111111113111100000000000000032000000000000000000320000000000000000003200000000000000000032000000000000000000320000000000000000003200000000000000000032000000000000000000320000000000000000003200000000000000000032000000000000000000320000000000000000003200000000000000000032000000000000000000320004444444444444443244400000000000000032000
1
1
 
0200000100000000000002000001000000000000020000010000000000000200000100000000000002000001000000000000020000010000000000000200000100000000000002000001000000000000444444414444444444440200000100000000000002000001000000000000020000010000000000000200000100000000000002000001000000000000020000010000000000003333333333333333333302000001000000000000020000010000000000000200000100000000000002000001000000000000
1
1
 
0000004003000000000000000040030000000000000000400300000000001111111113111111111100000040030000000000000000400300000000000000004003000000000000000040030000000000000000400300000000000000004003000000000000000040030000000000000000400300000000000000004003000000000000000040030000000000000000400300000000000000004003000000000000000040030000000000000000400300000000002222224223222222222200000040030000000000
1
1
 
1000000004000000000010000000040000000000100000000400000000001222222222222222222210000000040000000000100000000400000000001000000004000000000010000000040000000000100000000400000000001000000004000000000010000000040000000000100000000400000000003333333333333333333310000000040000000000100000000400000000001000000004000000000010000000040000000000100000000400000000001000000004000000000010000000040000000000
1
1
 
0000000020001000000000000000200010000000000000002000100000000000000020001000000000000000200010000000000000002000100000000000000020001000000000000000200010000000000000002000100000000000000020001000000000000000200010000000000000002000100000000000000020001000000000000000200010000000000000002000100000004444444444441444444400000000200010000000333333333333333333330000000020001000000000000000200010000000
1
1
 
1002000000000000000010020000000000000000100200000000000000001444444444444444444410020000000000000000100200000000000000001002000000000000000033333333333333333333100200000000000000001002000000000000000010020000000000000000100200000000000000001002000000000000000010020000000000000000100200000000000000001002000000000000000010020000000000000000100200000000000000001002000000000000000010020000000000000000
1
1
 
0000000030400000000000000000304000000000000000003040000000000000000030400000000011111111311111111111000000003040000000000000000030400000000000000000304000000000000000003040000000000000000030400000000022222222324222222222000000003040000000000000000030400000000000000000304000000000000000003040000000000000000030400000000000000000304000000000000000003040000000000000000030400000000000000000304000000000
1
1
 
0200000000010000000002000000000100000000020000000001000000004444444444414444444402000000000100000000020000000001000000000200000000010000000002000000000100000000020000000001000000000200000000010000000002000000000100000000020000000001000000000200000000010000000002000000000100000000020000000001000000000200000000010000000033333333333333333333020000000001000000000200000000010000000002000000000100000000
1
1
 
