0000040100000000000000000401000000000000000004010000000000000000040100000000000000000401000000000000000004010000000000000000040100000000000033333433333333333333000004010000000000000000040100000000000000000401000000000000000004010000000000000000040100000000000000000401000000000000000004010000000000000000040100000000000022222421222222222222000004010000000000000000040100000000000000000401000000000000
1
3
 
0001020000000000000000010200000000000000000102000000000000000001020000000000000000010200000000000000000102000000000000000001020000000000000000010200000000000000000102000000000000000001020000000000000000010200000000000000000102000000000000000001020000000000000000010200000000000000444144444444444444440001020000000000000000010200000000000000000102000000000000003331323333333333333300010200000000000000
0
0
 
0010000000000000200000100000000000002000001000000000000020000010000000000000200000100000000000002000001000000000000020000010000000000000200000100000000000002000001000000000000020000010000000000000200000100000000000002000001000000000000020004444444444444444244400100000000000002000001000000000000020000010000000000000200000100000000000002000333333333333333333330010000000000000200000100000000000002000
1
2
 
2222222222222222222203000000000000040000030000000000000400000300000000000004000003000000000000040000030000000000000400000300000000000004000003000000000000040000030000000000000400000300000000000004000003000000000000040000030000000000000400000300000000000004000003000000000000040000030000000000000400000300000000000004000013111111111111111111030000000000000400000300000000000004000003000000000000040000
1
3
 
0000000000400300000000000000004003000000000000000040030000000000000000400300000000000000004003000000000000000040030000000000000000400300000000000000004003000000000000000040030000000000000000400300000000000000004003000000000000000040030000000000000000400300000000000000004003000000111111111111111111112222222222422222222200000000004003000000000000000040030000000000000000400300000000000000004003000000
0
0
 
0000001000000000004000000010000000000040000000100000000000400000001000000000004000000010000000000040000000100000000000400000001000000000004000000010000000000040000000100000000000400000001000000000004000000010000000000040222222122222222222223333333333333333333300000010000000000040000000100000000000400000001000000000004000000010000000000040000000100000000000400000001000000000004000000010000000000040
1
1
 
0004000000000000100000040000000000001000333333333333333313330004000000000000100000040000000000001000000400000000000010000004000000000000100000040000000000001000000400000000000010000004000000000000100022222222222222222222000400000000000010000004000000000000100000040000000000001000000400000000000010000004000000000000100000040000000000001000000400000000000010000004000000000000100000040000000000001000
0
0
 
0000010000000200000000000100000002000000000001000000020000000000010000000200000000000100000002000000000001000000020000000000010000000200000000000100000002000000000001000000020000000000010000000200000000000100000002000000000001000000020000000000010000000200000000000100000002000000444441444444444444440000010000000200000000000100000002000000333331333333323333330000010000000200000000000100000002000000
0
0
 
1111114121111111111100000040200000000000000000402000000000000000004020000000000000000040200000000000000000402000000000003333334333333333333300000040200000000000000000402000000000000000004020000000000000000040200000000000000000402000000000000000004020000000000000000040200000000000000000402000000000000000004020000000000000000040200000000000000000402000000000000000004020000000000000000040200000000000
1
3
 
1040000000000000000010400000000000000000104000000000000000001040000000000000000010400000000000000000104000000000000000001040000000000000000010400000000000000000104000000000000000003333333333333333333310400000000000000000104000000000000000001040000000000000000010400000000000000000122222222222222222221040000000000000000010400000000000000000104000000000000000001040000000000000000010400000000000000000
1
1
 
0000010000000000000300000100000000000003444441444444444444430000010000000000000322222122222222222222000001000000000000030000010000000000000300000100000000000003000001000000000000030000010000000000000300000100000000000003000001000000000000030000010000000000000300000100000000000003000001000000000000030000010000000000000300000100000000000003000001000000000000030000010000000000000300000100000000000003
0
0
 
3000000000000000000430000000000000000004300000000000000000043000000000000000000422222222222222222222300000000000000000043000000000000000000430000000000000000004300000000000000000043000000000000000000430000000000000000004300000000000000000043000000000000000000430000000000000000004300000000000000000043111111111111111111130000000000000000004300000000000000000043000000000000000000430000000000000000004
1
3
 
0100000003000000000001000000030000000000010000000300000000004444444443444444444401000000030000000000010000000300000000002122222223222222222201000000030000000000010000000300000000000100000003000000000001000000030000000000010000000300000000000100000003000000000001000000030000000000010000000300000000000100000003000000000001000000030000000000010000000300000000000100000003000000000001000000030000000000
1
4
 
0000000000000400100000000000000004001000333333333333333333332222222222222222122200000000000004001000000000000000040010000000000000000400100000000000000004001000000000000000040010000000000000000400100000000000000004001000000000000000040010000000000000000400100000000000000004001000000000000000040010000000000000000400100000000000000004001000000000000000040010000000000000000400100000000000000004001000
1
1
 
0000000402000000000000000004020000000000000000040200000000000000000402000000000000000004020000000000111111111111111111110000000402000000000000000004020000000000000000040200000000000000000402000000000000000004020000000000000000040200000000000000000402000000000000000004020000000000333333333233333333330000000402000000000000000004020000000000000000040200000000000000000402000000000000000004020000000000
0
0
 
0000000000000000030200000000000000000302000000000000000003020000000000000000030200000000000000000302000000000000000003020000000000000000030211111111111111111312000000000000000003020000000000000000030200000000000000000302000000000000000003020000000000000000030200000000000000000302000000000000000003024444444444444444444200000000000000000302000000000000000003020000000000000000030200000000000000000302
1
4
 
3000000000000000010030000000000000000100300000000000000001003000000000000000010030000000000000000100300000000000000001003000000000000000010030000000000000000100300000000000000001003000000000000000010030000000000000000100300000000000000001003000000000000000010030000000000000000100300000000000000001003000000000000000010032222222222222222122344444444444444444443000000000000000010030000000000000000100
1
4
 
0000000000200000000100000000002000000001000000000020000000010000000000200000000100000000002000000001000000000020000000010000000000200000000100000000002000000001333333333333333333310000000000200000000100000000002000000001000000000020000000010000000000200000000100000000002000000001000000000020000000010000000000200000000100000000002000000001000000000020000000010000000000200000000144444444444444444444
0
0
 
4000000100000000000040000001000000000000400000010000000000004000000100000000000040000001000000000000400000010000000000004000000100000000000040000001000000000000400000010000000000003333333333333333333340000001000000000000400000010000000000004000000100000000000040000001000000000000400000010000000000004000000100000000000040000001000000000000400000010000000000002222222122222222222240000001000000000000
1
1
 
0000000000102000000000000000001020000000000000000010200000004444444444442444444433333333333333333333000000000010200000000000000000102000000000000000001020000000000000000010200000000000000000102000000000000000001020000000000000000010200000000000000000102000000000000000001020000000000000000010200000000000000000102000000000000000001020000000000000000010200000000000000000102000000000000000001020000000
1
2
 
3000100000000000000030001000000000000000300010000000000000003000100000000000000030001000000000000000300010000000000000003000100000000000000030001000000000000000300010000000000000004444444444444444444430001000000000000000300010000000000000003000100000000000000030001000000000000000300010000000000000002222122222222222222230001000000000000000300010000000000000003000100000000000000030001000000000000000
0
0
 
0004000010000000000000040000100000000000000400001000000000002222222222222222222200040000100000000000000400001000000000000004000010000000000000040000100000000000000400001000000000000004000010000000000000040000100000000000000400001000000000000004000010000000000000040000100000000000000400001000000000000004000010000000000000040000100000000000000400001000000000003334333333333333333300040000100000000000
1
4
 
0000000210000000000000000002100000000000000000021000000000000000000210000000000000000002100000000000000000021000000000000000000210000000000000000002100000000000000000021000000000000000000210000000000000000002100000000000000000021000000000000000000210000000000033333333333333333333000000021000000000004444444244444444444400000002100000000000000000021000000000000000000210000000000000000002100000000000
1
2
 
0000000000030000200000000000000300002000000000000003000020000000000000030000200000000000000300002000000000000003000020004444444444444444444400000000000300002000000000000003000020000000000000030000200000000000000300002000000000000003000020000000000000030000200000000000000300002000000000000003000020001111111111111111211100000000000300002000000000000003000020000000000000030000200000000000000300002000
0
0
 
0004010000000000000000040100000000000000000401000000000000003333333333333333333300040100000000000000000401000000000000000004010000000000000000040100000000000000000401000000000000000004010000000000000000040100000000000000000401000000000000000004010000000000000022222122222222222222000401000000000000000004010000000000000000040100000000000000000401000000000000000004010000000000000000040100000000000000
1
1
 
0000000000002000000400000000000020000004000000000000200000041111111111111111111100000000000020000004333333333333233333330000000000002000000400000000000020000004000000000000200000040000000000002000000400000000000020000004000000000000200000040000000000002000000400000000000020000004000000000000200000040000000000002000000400000000000020000004000000000000200000040000000000002000000400000000000020000004
0
0
 
0040000000100000000000400000001000000000004000000010000000000040000000100000000000400000001000000000004000000010000000000040000000100000000000400000001000000000224222222212222222220040000000100000000033333333331333333333004000000010000000000040000000100000000000400000001000000000004000000010000000000040000000100000000000400000001000000000004000000010000000000040000000100000000000400000001000000000
0
0
 
0000200040000000000000002000400000000000000020004000000000003333333343333333333300002000400000000000111111111111111111110000200040000000000000002000400000000000000020004000000000000000200040000000000000002000400000000000000020004000000000000000200040000000000000002000400000000000000020004000000000000000200040000000000000002000400000000000000020004000000000000000200040000000000000002000400000000000
0
0
 
0000000001000300000000000000010003000000000000000100030000000000000001000300000000000000010003000000222222222122222222220000000001000300000000000000010003000000444444444444444444440000000001000300000000000000010003000000000000000100030000000000000001000300000000000000010003000000000000000100030000000000000001000300000000000000010003000000000000000100030000000000000001000300000000000000010003000000
0
0
 
0002000000000000004000020000000000000040000200000000000000403332333333333333334300020000000000000040000200000000000000400002000000000000004000020000000000000040000200000000000000400002000000000000004000020000000000000040000200000000000000400002000000000000004000020000000000000040000200000000000000400002000000000000004000020000000000000040000200000000000000400002000000000000004011111111111111111141
0
0
 
0000000000000000003400000000000000000034000000000000000000340000000000000000003400000000000000000034000000000000000000340000000000000000003422222222222222222222000000000000000000340000000000000000003400000000000000000034000000000000000000340000000000000000003400000000000000000034000000000000000000340000000000000000003400000000000000000034000000000000000000340000000000000000003411111111111111111131
1
3
 
0000000004000010000000000000040000100000333333333333333333330000000004000010000000000000040000100000000000000400001000002222222224222222222200000000040000100000000000000400001000000000000004000010000000000000040000100000000000000400001000000000000004000010000000000000040000100000000000000400001000000000000004000010000000000000040000100000000000000400001000000000000004000010000000000000040000100000
1
4
 
0000004000200000000000000040002000000000000000400020000000000000004000200000000000000040002000000000000000400020000000000000004000200000000000000040002000000000000000400020000000003333333333333333333311111111112111111111000000400020000000000000004000200000000000000040002000000000000000400020000000000000004000200000000000000040002000000000000000400020000000000000004000200000000000000040002000000000
1
2
 
0010000000040000000000100000000400000000001000000004000000002222222222222222222200100000000400000000001000000004000000000010000000040000000000100000000400000000331333333333333333330010000000040000000000100000000400000000001000000004000000000010000000040000000000100000000400000000001000000004000000000010000000040000000000100000000400000000001000000004000000000010000000040000000000100000000400000000
0
0
 
3333333343333333133300000000400000001000000000004000000010000000000040000000100000000000400000001000000000004000000010000000000040000000100000000000400000001000000000004000000010000000000040000000100000000000400000001000000000004000000010000000000040000000100000000000400000001000000000004000000010000000000040000000100000000000400000001000000000004000000010002222222222222222122200000000400000001000
0
0
 
0000400000000010000000004000000000100000000040000000001000000000400000000010000000004000000000100000000040000000001000003333433333333313333300004000000000100000000040000000001000000000400000000010000000004000000000100000000040000000001000000000400000000010000000004000000000100000000040000000001000000000400000000010000000004000000000100000000040000000001000002222222222222212222200004000000000100000
0
0
 
0200000000000000000102000000000000000001020000000000000000010200000000000000000102000000000000000001020000000000000000010200000000000000000102000000000000000001020000000000000000010200000000000000000102000000000000000001444444444444444444440200000000000000000102000000000000000001020000000000000000010200000000000000000132333333333333333333020000000000000000010200000000000000000102000000000000000001
1
2
 
3333333333333333333300000000000020000010000000000000200000100000000000002000001000000000000020000010000000000000200000100000000000002000001000000000000020000010000000000000200000100000000000002000001000000000000020000010000000000000200000100000000000002000001000000000000020000010000000000000200000100000000000002000001000000000000020000010000000000000200000100000000000002000001044444444444424444444
1
2
 
0000000400020000000000000004000200000000000000040002000000000000000400020000000000000004000200000000000000040002000000000000000400020000000000000004000200000000000000040002000000000000000400020000000000000004000200000000333333343333333333330000000400020000000000000004000200000000000000040002000000000000000400020000000000000004000200000000000000040002000000001111111411121111111100000004000200000000
1
3
 
0000003000000000010044444434444444444444000000300000000001000000003000000000010000000030000000000100222222222222222222220000003000000000010000000030000000000100000000300000000001000000003000000000010000000030000000000100000000300000000001000000003000000000010000000030000000000100000000300000000001000000003000000000010000000030000000000100000000300000000001000000003000000000010000000030000000000100
1
3
 
0040000003000000000011111111131111111111004000000300000000000040000003000000000000400000030000000000004000000300000000000040000003000000000000400000030000000000004000000300000000002242222223222222222200400000030000000000004000000300000000000040000003000000000000400000030000000000004000000300000000000040000003000000000000400000030000000000004000000300000000000040000003000000000000400000030000000000
1
1
 
0000030040000000000000000300400000000000222223224222222222220000030040000000000000000300400000000000000003004000000000000000030040000000000000000300400000000000000003004000000000000000030040000000000000000300400000000000000003004000000000000000030040000000000000000300400000000000000003004000000000000000030040000000000000000300400000000000000003004000000000000000030040000000000011111311111111111111
1
1
 
0000000000020000400000000000000200004000000000000002000040000000000000020000400000000000000200004000000000000002000040000000000000020000400000000000000200004000000000000002000040000000000000020000400000000000000200004000333333333332333343330000000000020000400000000000000200004000000000000002000040000000000000020000400000000000000200004000111111111112111111110000000000020000400000000000000200004000
0
0
 
0000000000003002000000000000000030020000000000000000300200000000000000003002000000000000000030020000000000000000300200000000000000003002000000000000000030020000000000000000300200000000000000003002000000000000000030020000000000000000300200000000000000003002000000000000000030020000000000000000300200001111111111113112111144444444444434444444000000000000300200000000000000003002000000000000000030020000
1
4
 
0000000040000001000022222222422222222222000000004000000100000000000040000001000033333333333333333333000000004000000100000000000040000001000000000000400000010000000000004000000100000000000040000001000000000000400000010000000000004000000100000000000040000001000000000000400000010000000000004000000100000000000040000001000000000000400000010000000000004000000100000000000040000001000000000000400000010000
1
4
 
0000010000000000003000000100000000000030000001000000000000300000010000000000003000000100000000000030444441444444444444342222212222222222222200000100000000000030000001000000000000300000010000000000003000000100000000000030000001000000000000300000010000000000003000000100000000000030000001000000000000300000010000000000003000000100000000000030000001000000000000300000010000000000003000000100000000000030
0
0
 
0000000010000200000000000000100002000000000000001000020000000000000010000200000000000000100002000000000000001000020000000000000010000200000000000000100002000000000000001000020000000000000010000200000033333333133332333333000000001000020000000000000010000200000044444444144444444444000000001000020000000000000010000200000000000000100002000000000000001000020000000000000010000200000000000000100002000000
0
0
 
0000000000402000000000000000004020000000000000000040200000000000000000402000000033333333333333333333000000000040200000000000000000402000000000000000004020000000000000000040200000000000000000402000000000000000004020000000000000000040200000000000000000402000000000000000004020000000000000000040200000000000000000402000000000000000004020000000000000000040200000001111111111411111111100000000004020000000
1
4
 
0010200000000000000000102000000000000000001020000000000000000010200000000000000000102000000000000000333333333333333333330010200000000000000000102000000000000000001020000000000000000010200000000000000000102000000000000000001020000000000000000010200000000000000000102000000000000000001020000000000000000010200000000000000044442444444444444444001020000000000000000010200000000000000000102000000000000000
1
2
 
0000000000002000004000000000000020000040000000000000200000400000000000002000004000000000000020000040000000000000200000400000000000002000004000000000000020000040000000000000200000400000000000002000004000000000000020000040000000000000200000400000000000002000004000000000000020000040111111111111111111113333333333333333334300000000000020000040000000000000200000400000000000002000004000000000000020000040
0
0
 
0010000000020000000000100000000200000000001000000002000000000010000000020000000000100000000200000000001000000002000000000010000000020000000000100000000200000000001000000002000000000010000000020000000000100000000200000000001000000002000000000010000000020000000033133333333233333333001000000002000000000010000000020000000000100000000200000000001000000002000000004444444444424444444400100000000200000000
0
0
 
0000000300000000100000000003000000001000000000030000000010000000000300000000100000000003000000001000222222222222222222220000000300000000100000000003000000001000000000030000000010000000000300000000100044444444444444441444000000030000000010000000000300000000100000000003000000001000000000030000000010000000000300000000100000000003000000001000000000030000000010000000000300000000100000000003000000001000
0
0
 
0000040000003000000000000400000030000000000004000000300000000000040000003000000000000400000030000000000004000000300000000000040000003000000011111111111131111111222224222222322222220000040000003000000000000400000030000000000004000000300000000000040000003000000000000400000030000000000004000000300000000000040000003000000000000400000030000000000004000000300000000000040000003000000000000400000030000000
1
1
 
0002000001000000000000020000010000000000000200000100000000000002000001000000000000020000010000000000000200000100000000004442444444444444444400020000010000000000000200000100000000000002000001000000000000020000010000000000000200000100000000000002000001000000000000020000010000000000000200000100000000000002000001000000000000020000010000000000000200000100000000000002000001000000000033323333313333333333
0
0
 
0000000001200000000000000000012000000000000000000120000000000000000001200000000000000000012000000000000000000120000000000000000001200000000000000000012000000000000000000120000000004444444441244444444400000000012000000000000000000120000000000000000001200000000000000000012000000000000000000120000000003333333333233333333300000000012000000000000000000120000000000000000001200000000000000000012000000000
1
3
 
0000000001002000000000000000010020000000000000000100200000000000000001002000000000000000010020000000000000000100200000000000000001002000000000000000010020000000000000000100200000004444444441442444444400000000010020000000000000000100200000003333333333332333333300000000010020000000000000000100200000000000000001002000000000000000010020000000000000000100200000000000000001002000000000000000010020000000
1
3
 
0000000040000010000033333333333333133333000000004000001000000000000040000010000000000000400000100000000000004000001000000000000040000010000000000000400000100000000000004000001000000000000040000010000000000000400000100000000000004000001000002222222242222212222200000000400000100000000000004000001000000000000040000010000000000000400000100000000000004000001000000000000040000010000000000000400000100000
0
0
 
0004000001000000000000040000010000000000000400000100000000000004000001000000000000040000010000000000000400000100000000000004000001000000000000040000010000000000000400000100000000000004000001000000000000040000010000000000000400000100000000000004000001000000000000040000010000000000222222222122222222223333333333333333333300040000010000000000000400000100000000000004000001000000000000040000010000000000
1
1
 
0100000000000004000021222222222222222222010000000000000400000100000000000004000001000000000000040000010000000000000400000100000000000004000001000000000000040000010000000000000400000100000000000004000001000000000000040000010000000000000400000100000000000004000033333333333333333333010000000000000400000100000000000004000001000000000000040000010000000000000400000100000000000004000001000000000000040000
1
1
 
0003000000000100000000030000000001000000444444444444444444440003000000000100000000030000000001000000000300000000010000000003000000000100000000030000000001000000222322222222222222220003000000000100000000030000000001000000000300000000010000000003000000000100000000030000000001000000000300000000010000000003000000000100000000030000000001000000000300000000010000000003000000000100000000030000000001000000
1
3
 
0000000000000100004000000000000001000040000000000000010000400000000000000100004000000000000001000040000000000000010000400000000000000100004000000000000001000040000000000000010000400000000000000100004000000000000001000040000000000000010000400000000000000100004000000000000001000040000000000000010000403333333333333133333322222222222222222222000000000000010000400000000000000100004000000000000001000040
0
0
 
0000000400020000000000000004000200000000000000040002000000000000000400020000000011111111111111111111000000040002000000000000000400020000000000000004000200000000333333343333333333330000000400020000000000000004000200000000000000040002000000000000000400020000000000000004000200000000000000040002000000000000000400020000000000000004000200000000000000040002000000000000000400020000000000000004000200000000
0
0
 
0000300001000000000022222222222222222222000030000100000000000000300001000000000000003000010000000000000030000100000000000000300001000000000000003000010000000000000030000100000000000000300001000000000000003000010000000000000030000100000000000000300001000000000000003000010000000000000030000100000000000000300001000000000000003000010000000000000030000100000000000000300001000000000044443444444444444444
1
3
 
0003000000000000040000030000000000000400000300000000000004000003000000000000040011111111111111111411222222222222222222220003000000000000040000030000000000000400000300000000000004000003000000000000040000030000000000000400000300000000000004000003000000000000040000030000000000000400000300000000000004000003000000000000040000030000000000000400000300000000000004000003000000000000040000030000000000000400
0
0
 
0000400000000020000000004000000000200000000040000000002000000000400000000020000000004000000000200000000040000000002000000000400000000020000000004000000000200000000040000000002000000000400000000020000000004000000000200000000040000000002000000000400000000020000033333333333333233333000040000000002000001111411111111121111100004000000000200000000040000000002000000000400000000020000000004000000000200000
1
3
 
0000000000200040000000000000002000400000000000000020004000000000000000200040000000000000002000400000333333333333333333330000000000200040000000000000002000400000111111111111114111110000000000200040000000000000002000400000000000000020004000000000000000200040000000000000002000400000000000000020004000000000000000200040000000000000002000400000000000000020004000000000000000200040000000000000002000400000
1
4
 
0020000000010000000000200000000100000000442444444441444444440020000000010000000000200000000100000000002000000001000000000020000000010000000000200000000100000000002000000001000000003323333333333333333300200000000100000000002000000001000000000020000000010000000000200000000100000000002000000001000000000020000000010000000000200000000100000000002000000001000000000020000000010000000000200000000100000000
1
3
 
0000020000000000100000000200000000001000000002000000000010003333323333333333333300000200000000001000444442444444444414440000020000000000100000000200000000001000000002000000000010000000020000000000100000000200000000001000000002000000000010000000020000000000100000000200000000001000000002000000000010000000020000000000100000000200000000001000000002000000000010000000020000000000100000000200000000001000
1
3
 
4444441444444444444400000010200000000000000000102000000000000000001020000000000000000010200000000000000000102000000000000000001020000000000000000010200000000000000000102000000000000000001020000000000000000010200000000000000000102000000000000000001020000000000000000010200000000000000000102000000000000000001020000000000033333333333333333333000000102000000000000000001020000000000000000010200000000000
1
1
 
0000000000000004030000000000000000040300111111111111111413110000000000000004030000000000000000040300000000000000000403000000000000000004030000000000000000040300000000000000000403000000000000000004030000000000000000040300000000000000000403000000000000000004030022222222222222242222000000000000000403000000000000000004030000000000000000040300000000000000000403000000000000000004030000000000000000040300
1
2
 
3000000100000000000030000001000000000000300000010000000000004444444144444444444430000001000000000000300000010000000000003000000100000000000030000001000000000000300000010000000000003222222122222222222230000001000000000000300000010000000000003000000100000000000030000001000000000000300000010000000000003000000100000000000030000001000000000000300000010000000000003000000100000000000030000001000000000000
0
0
 
4000000000000000300040000000000000003000400000000000000030004000000000000000300040000000000000003000400000000000000030004000000000000000300040000000000000003000400000000000000030004000000000000000300011111111111111113111400000000000000030004222222222222222322240000000000000003000400000000000000030004000000000000000300040000000000000003000400000000000000030004000000000000000300040000000000000003000
1
1
 
0000000000030004000000000000000300040000000000000003000400000000000000030004000000000000000300040000000000000003000400000000000000030004000000000000000300040000000000000003000400000000000000030004000000000000000300040000000000000003000400002222222222232222222211111111111311141111000000000003000400000000000000030004000000000000000300040000000000000003000400000000000000030004000000000000000300040000
1
2
 
0000003000000000040000000030000000000400000000300000000004000000003000000000040000000030000000000400000000300000000004000000003000000000040011111131111111111111000000300000000004002222222222222222222200000030000000000400000000300000000004000000003000000000040000000030000000000400000000300000000004000000003000000000040000000030000000000400000000300000000004000000003000000000040000000030000000000400
1
3
 
0000000030000000040000000000300000000400000000003000000004000000000030000000040000000000300000000400000000003000000004000000000030000000040022222222222222222222000000003000000004001111111111111111141100000000300000000400000000003000000004000000000030000000040000000000300000000400000000003000000004000000000030000000040000000000300000000400000000003000000004000000000030000000040000000000300000000400
0
0
 
0000040000000000020000000400000000000200000004000000000002000000040000000000020000000400000000000200000004000000000002000000040000000000020000000400000000000200000004000000000002001111111111111111111100000400000000000200000004000000000002000000040000000000020000000400000000000200000004000000000002003333343333333333333300000400000000000200000004000000000002000000040000000000020000000400000000000200
0
0
 
0000000000000000021000000000000000000210000000000000000002100000000000000000021000000000000000000210000000000000000002100000000000000000021000000000000000000210000000000000000002100000000000000000021000000000000000000210000000000000000002100000000000000000021000000000000000000210000000000000000002104444444444444444421433333333333333333313000000000000000002100000000000000000021000000000000000000210
0
0
 
0000000003000040000000000000030000400000000000000300004000000000000003000040000000000000030000400000000000000300004000000000000003000040000000000000030000400000222222222322224222220000000003000040000000000000030000400000000000000300004000000000000003000040000011111111111111411111000000000300004000000000000003000040000000000000030000400000000000000300004000000000000003000040000000000000030000400000
0
0
 
0003000000000000004000030000000000000040000300000000000000400003000000000000004000030000000000000040000300000000000000400003000000000000004000030000000000000040000300000000000000402223222222222222222200030000000000000040000300000000000000400003000000000000004000030000000000000040000300000000000000401113111111111111114100030000000000000040000300000000000000400003000000000000004000030000000000000040
1
2
 
0000000000400000000100000000004000000001000000000040000000010000000000400000000100000000004000000001000000000040000000010000000000400000000100000000004000000001000000000040000000010000000000400000000100000000004000000001333333333333333333330000000000400000000100000000004000000001222222222222222222210000000000400000000100000000004000000001000000000040000000010000000000400000000100000000004000000001
1
1
 
0000040002000000000000000400020000000000000004000200000000000000040002000000000000000400020000000000000004000200000000000000040002000000000000000400020000000000000004000200000000001111111111111111111100000400020000000000000004000200000000000000040002000000000000000400020000000000000004000200000000000000040002000000000033333433333333333333000004000200000000000000040002000000000000000400020000000000
0
0
 
0000000010200000000000000000102000000000000000001020000000000000000010200000000000000000102000000000000000001020000000000000000010200000000000000000102000000000000000001020000000000000000010200000000000000000102000000000444444444424444444440000000010200000000000000000102000000000333333331323333333330000000010200000000000000000102000000000000000001020000000000000000010200000000000000000102000000000
0
0
 
0000020000300000000000000200003000000000000002000030000000000000020000300000000000000200003000000000111112111131111111110000020000300000000000000200003000000000444444444434444444440000020000300000000000000200003000000000000002000030000000000000020000300000000000000200003000000000000002000030000000000000020000300000000000000200003000000000000002000030000000000000020000300000000000000200003000000000
1
4
 
0000000020000010000000000000200000100000000000002000001000000000000020000010000000000000200000100000000000002000001000000000000020000010000000000000200000100000000000002000001000000000000020000010000000000000200000100000444444442444441444440000000020000010000000000000200000100000000000002000001000003333333323333333333300000000200000100000000000002000001000000000000020000010000000000000200000100000
1
3
 
0000000400000000010000000004000000000100000000040000000001000000000400000000010000000004000000000100000000040000000001000000000400000000010033333334333333333333000000040000000001000000000400000000010000000004000000000100000000040000000001000000000400000000010000000004000000000100222222222222222222220000000400000000010000000004000000000100000000040000000001000000000400000000010000000004000000000100
1
4
 
0000000031000000000000000000310000000000000000003100000000000000000031000000000000000000310000000000000000003100000000000000000031000000000000000000310000000000222222222122222222220000000031000000000000000000310000000000000000003100000000000000000031000000000000000000310000000000000000003100000000000000000031000000000044444444314444444444000000003100000000000000000031000000000000000000310000000000
0
0
 
0000010000000004000000000100000000040000000001000000000400002222212222222222222200000100000000040000000001000000000400000000010000000004000000000100000000040000000001000000000400000000010000000004000000000100000000040000000001000000000400000000010000000004000000000100000000040000000001000000000400003333313333333334333300000100000000040000000001000000000400000000010000000004000000000100000000040000
0
0
 
0000013000000000000044444134444444444444222221222222222222220000013000000000000000000130000000000000000001300000000000000000013000000000000000000130000000000000000001300000000000000000013000000000000000000130000000000000000001300000000000000000013000000000000000000130000000000000000001300000000000000000013000000000000000000130000000000000000001300000000000000000013000000000000000000130000000000000
0
0
 
0000020400000000000000000204000000000000000002040000000000000000020400000000000000000204000000000000000002040000000000001111111111111111111100000204000000000000000002040000000000000000020400000000000000000204000000000000000002040000000000000000020400000000000000000204000000000000000002040000000000000000020400000000000000000204000000000000000002040000000000000000020400000000000033333334333333333333
0
0
 
2222222222222232222200040000000000300000000400000000003000000004000000000030000000040000000000300000000400000000003000000004000000000030000000040000000000300000000400000000003000000004000000000030000000040000000000300000000400000000003000000004000000000030000000040000000000300000000400000000003000000004000000000030000000040000000000300000000400000000003000000004000000000030000011111111111111111111
0
0
 
0000000001000000030000000000010000000300000000000100000003000000000001000000030000000000010000000300000000000100000003000000000001000000030000000000010000000300000000000100000003000000000001000000030022222222212222222222000000000100000003004444444441444444434400000000010000000300000000000100000003000000000001000000030000000000010000000300000000000100000003000000000001000000030000000000010000000300
0
0
 
0000000310000000000000000003100000000000000000031000000000000000000310000000000000000003100000000000222222231222222222220000000310000000000000000003100000000000000000031000000000000000000310000000000000000003100000000000000000031000000000004444444414444444444400000003100000000000000000031000000000000000000310000000000000000003100000000000000000031000000000000000000310000000000000000003100000000000
0
0
 
0000300000000002000000003000000000020000000030000000000200000000300000000002000000003000000000020000000030000000000200000000300000000002000000003000000000020000000030000000000200000000300000000002000000003000000000020000000030000000000200000000300000000002000000003000000000020000000030000000000200000000300000000002000011111111111111121111000030000000000200004444444444444444444400003000000000020000
0
0
 
0000000000300000040000000000003000000400000000000030000004002222222222322222222200000000003000000400111111111111111111110000000000300000040000000000003000000400000000000030000004000000000000300000040000000000003000000400000000000030000004000000000000300000040000000000003000000400000000000030000004000000000000300000040000000000003000000400000000000030000004000000000000300000040000000000003000000400
0
0
 
0000000000000010300000000000000000103000000000000000001030000000000000000010300000000000000000103000000000000000001030002222222222222212222200000000000000103000000000000000001030000000000000000010300000000000000000103000000000000000001030000000000000000010300000000000000000103000000000000000001030000000000000000010300000000000000000103000444444444444441434440000000000000010300000000000000000103000
0
0
 
1111111121111111111100000000200000000004000000002000000000043333333323333333333400000000200000000004000000002000000000040000000020000000000400000000200000000004000000002000000000040000000020000000000400000000200000000004000000002000000000040000000020000000000400000000200000000004000000002000000000040000000020000000000400000000200000000004000000002000000000040000000020000000000400000000200000000004
0
0
 
0000040020000000000000000400200000000000000004002000000000000000040020000000000000000400200000000000000004002000000000000000040020000000000000000400200000000000000004002000000000000000040020000000000000000400200000000000000004002000000000001111111111111111111100000400200000000000333334333333333333330000040020000000000000000400200000000000000004002000000000000000040020000000000000000400200000000000
0
0
 
0000000020010000000044444444444444444444000000002001000000000000000020010000000000000000200100000000000000002001000000000000000020010000000000000000200100000000000000002001000000000000000020010000000000000000200100000000000000002001000000000000000020010000000000000000200100000000000000002001000000000000000020010000000033333333333133333333000000002001000000000000000020010000000000000000200100000000
0
0
 
0000000000030000002000000000000300000020000000000003000000200000000000030000002000000000000300000020444444444443444444440000000000030000002000000000000300000020000000000003000000200000000000030000002000000000000300000020000000000003000000200000000000030000002000000000000300000020000000000003000000200000000000030000002011111111111111111111000000000003000000200000000000030000002000000000000300000020
0
0
 
0000000000000030000200000000000000300002000000000000003000020000000000000030000200000000000000300002000000000000003000020000000000000030000200000000000000300002111111111111111111110000000000000030000200000000000000300002000000000000003000020000000000000030000200000000000000300002000000000000003000020000000000000030000200000000000000300002444444444444444444420000000000000030000200000000000000300002
0
0
 
