0000040003000000000000000400030000000000000004000300000000001111141113111111111100000400030000000000000004000300000000000000040003000000000000000400030000000000000004000300000000000000040003000000000000000400030000000000000004000300000000000000040003000000000000000400030000000000000004000300000000002222242222222222222200000400030000000000000004000300000000000000040003000000000000000400030000000000
1
2
 
0000002000000400000000000020000004000000000000200000040000000000002000000400000000000020000004000000000000200000040000000000002000000400000000000020000004000000000000200000040000000000002000000400000000000020000004000000000000200000040000000000002000000400000000000020000004000000111111211111141111113333332333333333333300000020000004000000000000200000040000000000002000000400000000000020000004000000
1
3
 
0000000000010000000400000000000100000004000000000001000000040000000000010000000400000000000100000004000000000001000000040000000000010000000400000000000100000004222222222221222222240000000000010000000400000000000100000004000000000001000000040000000000010000000433333333333333333334000000000001000000040000000000010000000400000000000100000004000000000001000000040000000000010000000400000000000100000004
1
3
 
0000000000000040100000000000000000401000000000000000004010000000000000000040100000000000000000401000000000000000004010000000000000000040100033333333333333433333000000000000004010000000000000000040100000000000000000401000000000000000004010000000000000000040100022222222222222421222000000000000004010000000000000000040100000000000000000401000000000000000004010000000000000000040100000000000000000401000
1
3
 
0010200000000000000000102000000000000000001020000000000000003333233333333333333300102000000000000000001020000000000000000010200000000000000000102000000000000000001020000000000000000010200000000000000000102000000000000000001020000000000000000010200000000000000000102000000000000000001020000000000000000010200000000000000044444444444444444444001020000000000000000010200000000000000000102000000000000000
1
2
 
3333333332333333333300001000020000000000000010000200000000000000100002000000000000001000020000000000000010000200000000000000100002000000000000001000020000000000000010000200000000000000100002000000000000001000020000000000000010000200000000000000100002000000000000001000020000000000000010000200000000004444444444444444444400001000020000000000000010000200000000000000100002000000000000001000020000000000
1
2
 
1000000000002000000010000000000020000000100000000000200000001000000000002000000010000000000020000000100000000000200000001000000000002000000010000000000020000000100000000000200000001000000000002000000010000000000020000000100000000000200000001000000000002000000010000000000020000000100000000000200000003333333333333333333310000000000020000000100000000000200000001444444444444444444410000000000020000000
1
1
 
0100200000000000000001002000000000000000010020000000000000000100200000000000000001002000000000000000010020000000000000000100200000000000000001002000000000000000010020000000000000000100200000000000000001002000000000000000444424444444444444440100200000000000000001002000000000000000010020000000000000000100200000000000000001002000000000000000010020000000000000000100200000000000000033333333333333333333
1
2
 
0000004000000000003000000040000000000030000000400000000000300000004000000000003000000040000000000030000000400000000000300000004000000000003000000040000000000030000000400000000000300000004000000000003022222242222222222222000000400000000000300000004000000000003000000040000000000030000000400000000000300000004000000000003000000040000000000030111111411111111111310000004000000000003000000040000000000030
1
2
 
1111114111111111112100000040000000000020000000400000000000200000004000000000002000000040000000000020000000400000000000200000004000000000002000000040000000000020000000400000000000203333334333333333333300000040000000000020000000400000000000200000004000000000002000000040000000000020000000400000000000200000004000000000002000000040000000000020000000400000000000200000004000000000002000000040000000000020
1
3
 
0004000000000000000300040000000000000003000400000000000000030004000000000000000311111111111111111113000400000000000000030004000000000000000300040000000000000003000400000000000000032224222222222222222300040000000000000003000400000000000000030004000000000000000300040000000000000003000400000000000000030004000000000000000300040000000000000003000400000000000000030004000000000000000300040000000000000003
1
1
 
0000002000000000300000000020000000003000000000200000000030004444444444444444444400000020000000003000000000200000000030000000002000000000300000000020000000003000000000200000000030000000002000000000300000000020000000003000000000200000000030000000002000000000300000000020000000003000000000200000000030000000002000000000300000000020000000003000000000200000000030000000002000000000300011111111111111113111
1
3
 
0000000003000000040000000000030000000400000000000300000004000000000003000000040000000000030000000400000000000300000004000000000003000000040022222222232222222422000000000300000004000000000003000000040000000000030000000400000000000300000004000000000003000000040011111111131111111111000000000300000004000000000003000000040000000000030000000400000000000300000004000000000003000000040000000000030000000400
1
1
 
0000000000000140000000000000000001400000000000000000014000002222222222222142222200000000000001400000000000000000014000000000000000000140000000000000000001400000000000000000014000000000000000000140000000000000000001400000000000000000014000003333333333333343333300000000000001400000000000000000014000000000000000000140000000000000000001400000000000000000014000000000000000000140000000000000000001400000
1
3
 
0010000400000000000000100004000000000000001000040000000000000010000400000000000000100004000000000000001000040000000000000010000400000000000000100004000000000000001000040000000000002222222222222222222200100004000000000000001000040000000000000010000400000000000000100004000000000000001000040000000000003333333433333333333300100004000000000000001000040000000000000010000400000000000000100004000000000000
1
4
 
0000003040000000000011111131411111111111000000304000000000000000003040000000000000000030400000000000000000304000000000000000003040000000000000000030400000000000222222322222222222220000003040000000000000000030400000000000000000304000000000000000003040000000000000000030400000000000000000304000000000000000003040000000000000000030400000000000000000304000000000000000003040000000000000000030400000000000
1
2
 
0020001000000000000000200010000000000000002000100000000000000020001000000000000044244444444444444444002000100000000000000020001000000000000033333333333333333333002000100000000000000020001000000000000000200010000000000000002000100000000000000020001000000000000000200010000000000000002000100000000000000020001000000000000000200010000000000000002000100000000000000020001000000000000000200010000000000000
1
2
 
0000003000000000002000000030000000000020000000300000000000200000003000000000002000000030000000000020000000300000000000204444443444444444442400000030000000000020000000300000000000201111113111111111111100000030000000000020000000300000000000200000003000000000002000000030000000000020000000300000000000200000003000000000002000000030000000000020000000300000000000200000003000000000002000000030000000000020
1
1
 
0000020030000000000000000200300000000000000002003000000000000000020030000000000000000200300000000000000002003000000000000000020030000000000000000200300000000000000002003000000000000000020030000000000000000200300000000000000002003000000000000000020030000000000000000200300000000000111112113111111111114444424444444444444400000200300000000000000002003000000000000000020030000000000000000200300000000000
1
4
 
0000000000000300002000000000000003000020000000000000030000200000000000000300002000000000000003000020000000000000030000200000000000000300002000000000000003000020000000000000030000200000000000000300002000000000000003000020000000000000030000200000000000000300002000000000000003000020000000000000030000204444444444444344444400000000000003000020000000000000030000201111111111111311112100000000000003000020
1
4
 
3000040000000000000030000400000000000000300004000000000000003000040000000000000030000400000000000000300004000000000000003000040000000000000030000400000000000000300004000000000000003000040000000000000031111111111111111111300004000000000000003000040000000000000030000400000000000000300004000000000000003000040000000000000030000400000000000000322224222222222222223000040000000000000030000400000000000000
1
1
 
1111131111111111111244444444444444444442000003000000000000020000030000000000000200000300000000000002000003000000000000020000030000000000000200000300000000000002000003000000000000020000030000000000000200000300000000000002000003000000000000020000030000000000000200000300000000000002000003000000000000020000030000000000000200000300000000000002000003000000000000020000030000000000000200000300000000000002
1
4
 
0000000000000400002000000000000004000020000000000000040000200000000000000400002000000000000004000020000000000000040000200000000000000400002000000000000004000020333333333333333333230000000000000400002000000000000004000020000000000000040000200000000000000400002000000000000004000020000000000000040000200000000000000400002000000000000004000020000000000000040000201111111111111411112100000000000004000020
1
3
 
0000010002000000000000000100020000000000000001000200000000000000010002000000000000000100020000000000000001000200000000000000010002000000000000000100020000000000444441444444444444440000010002000000000000000100020000000000000001000200000000000000010002000000000000000100020000000000000001000200000000000000010002000000000000000100020000000000000001000200000000000000010002000000000033333333333333333333
1
1
 
0400000000000000020004000000000000000200040000000000000002000400000000000000020033333333333333333233141111111111111112110400000000000000020004000000000000000200040000000000000002000400000000000000020004000000000000000200040000000000000002000400000000000000020004000000000000000200040000000000000002000400000000000000020004000000000000000200040000000000000002000400000000000000020004000000000000000200
1
3
 
2000000000040000000020000000000400000000200000000004000000002000000000040000000020000000000400000000333333333333333333332000000000040000000020000000000400000000200000000004000000002000000000040000000020000000000400000000211111111111111111112000000000040000000020000000000400000000200000000004000000002000000000040000000020000000000400000000200000000004000000002000000000040000000020000000000400000000
1
2
 
0000000000000001300000000000000000013000000000000000000130000000000000000001300000000000000000013000000000000000000130000000000000000001300000000000000000013000000000000000000130004444444444444444444400000000000000013000000000000000000130000000000000000001300000000000000000013000000000000000000130000000000000000001300000000000000000013000222222222222222232220000000000000001300000000000000000013000
1
3
 
0000000000004000020000000000000040000200000000000000400002000000000000004000020011111111111141111211000000000000400002000000000000004000020000000000000040000200000000000000400002000000000000004000020000000000000040000200000000000000400002000000000000004000020000000000000040000200000000000000400002000000000000004000020000000000000040000200333333333333333332330000000000004000020000000000000040000200
1
3
 
0000000020030000000000000000200300000000000000002003000000000000000020030000000000000000200300000000000000002003000000000000000020030000000044444444444344444444000000002003000000000000000020030000000000000000200300000000000000002003000000000000000020030000000000000000200300000000000000002003000000000000000020030000000011111111211311111111000000002003000000000000000020030000000000000000200300000000
1
4
 
0000000003000000040000000000030000000400222222222222222224220000000003000000040000000000030000000400000000000300000004000000000003000000040000000000030000000400000000000300000004000000000003000000040000000000030000000400000000000300000004000000000003000000040000000000030000000400000000000300000004000000000003000000040000000000030000000400111111111311111114110000000003000000040000000000030000000400
1
2
 
0102000000000000000001020000000000000000010200000000000000000102000000000000000033333333333333333333010200000000000000000102000000000000000001020000000000000000010200000000000000000102000000000000000001020000000000000000010200000000000000000102000000000000000001020000000000000000010200000000000000004442444444444444444401020000000000000000010200000000000000000102000000000000000001020000000000000000
1
2
 
2000000040000000000020000000400000000000200000004000000000002000000040000000000020000000400000000000200000004000000000002000000040000000000020000000400000000000200000004000000000002000000040000000000020000000400000000000200000004000000000002000000040000000000020000000400000000000200000004000000000002000000040000000000023333333333333333333200000004000000000002000000040000000000021111111411111111111
1
3
 
0000000030010000000000000000300100000000444444444444444444440000000030010000000000000000300100000000000000003001000000000000000030010000000000000000300100000000000000003001000000000000000030010000000000000000300100000000222222223222222222220000000030010000000000000000300100000000000000003001000000000000000030010000000000000000300100000000000000003001000000000000000030010000000000000000300100000000
1
3
 
0000100000000000000200001000000000000002000010000000000000020000100000000000000200001000000000000002333333333333333333320000100000000000000200001000000000000002000010000000000000020000100000000000000200001000000000000002000010000000000000020000100000000000000200001000000000000002000010000000000000020000100000000000000200001000000000000002444414444444444444420000100000000000000200001000000000000002
1
3
 
0000000300000000004000000003000000000040000000030000000000400000000300000000004000000003000000000040000000030000000000400000000300000000004000000003000000000040000000030000000000400000000300000000004000000003000000000040000000030000000000400000000300000000004000000003000000000040111111131111111111410000000300000000004000000003000000000040000000030000000000400000000300000000004022222223222222222222
1
2
 
2000000000000000100020000000000000001000200000000000000010002000000000000000100020000000000000001000200000000000000010002000000000000000100020000000000000001000200000000000000010002000000000000000100020000000000000001000444444444444444444442333333333333333333320000000000000001000200000000000000010002000000000000000100020000000000000001000200000000000000010002000000000000000100020000000000000001000
1
2
 
0004000300000000000000040003000000000000000400030000000000000004000300000000000000040003000000000000000400030000000000000004000300000000000011111113111111111111000400030000000000000004000300000000000000040003000000000000000400030000000000000004000300000000000000040003000000000000000400030000000000000004000300000000000000040003000000000000000400030000000000000004000300000000000022242223222222222222
1
1
 
4200000000000000000042000000000000000000420000000000000000004200000000000000000042000000000000000000420000000000000000004200000000000000000043333333333333333333420000000000000000004211111111111111111142000000000000000000420000000000000000004200000000000000000042000000000000000000420000000000000000004200000000000000000042000000000000000000420000000000000000004200000000000000000042000000000000000000
1
3
 
0000002000000000004000000020000000000040000000200000000000400000002000000000004000000020000000000040111111211111111111410000002000000000004000000020000000000040000000200000000000400000002000000000004000000020000000000040000000200000000000400000002000000000004000000020000000000040333333233333333333330000002000000000004000000020000000000040000000200000000000400000002000000000004000000020000000000040
1
3
 
3000000000004000000030000000000040000000300000000000400000003000000000004000000030000000000040000000300000000000400000003000000000004000000030000000000040000000300000000000400000002222222222224222222230000000000040000000311111111111411111113000000000004000000030000000000040000000300000000000400000003000000000004000000030000000000040000000300000000000400000003000000000004000000030000000000040000000
1
2
 
0000000000000031000000000000000000310000000000000000003100000000000000000031000000000000000000310000000000000000003100000000000000000031000022222222222222312222000000000000003100000000000000000031000000000000000000310000000000000000003100004444444444444434444400000000000000310000000000000000003100000000000000000031000000000000000000310000000000000000003100000000000000000031000000000000000000310000
1
4
 
0000003000000000010000000030000000000100000000300000000001000000003000000000010000000030000000000100000000300000000001000000003000000000010000000030000000000100000000300000000001000000003000000000010044444434444444444444000000300000000001000000003000000000010000000030000000000100000000300000000001000000003000000000010000000030000000000100000000300000000001000000003000000000010022222232222222222122
1
4
 
0400000000000003000004000000000000030000040000000000000300000400000000000003000024222222222222232222040000000000000300000400000000000003000004000000000000030000040000000000000300000400000000000003000011111111111111131111040000000000000300000400000000000003000004000000000000030000040000000000000300000400000000000003000004000000000000030000040000000000000300000400000000000003000004000000000000030000
1
1
 
2222222223222222222200000010030000000000000000100300000000000000001003000000000000000010030000000000000000100300000000000000001003000000000000000010030000000000000000100300000000000000001003000000000000000010030000000000000000100300000000000000001003000000000000000010030000000000000000100300000000000000001003000000000044444414434444444444000000100300000000000000001003000000000000000010030000000000
1
2
 
0000010000020000000000000100000200000000000001000002000000000000010000020000000000000100000200000000000001000002000000000000010000020000000000000100000200000000000001000002000000000000010000020000000000000100000200000000000001000002000000000000010000020000000000000100000200000000000001000002000000003333333333333333333300000100000200000000000001000002000000004444444444424444444400000100000200000000
1
2
 
4444444444444444444400000020000010000000000000200000100000003333332333333333333300000020000010000000000000200000100000000000002000001000000000000020000010000000000000200000100000000000002000001000000000000020000010000000000000200000100000000000002000001000000000000020000010000000000000200000100000000000002000001000000000000020000010000000000000200000100000000000002000001000000000000020000010000000
1
2
 
0004100000000000000000041000000000000000000410000000000000000004100000000000000000041000000000000000333333333333333333330004100000000000000000041000000000000000000410000000000000000004100000000000000000041000000000000000000410000000000000000004100000000000000000041000000000000000000410000000000000000004100000000000000000041000000000000000222212222222222222220004100000000000000000041000000000000000
1
1
 
0000400001000000000000004000010000000000000040000100000000003333333333333333333322224222222222222222000040000100000000000000400001000000000000004000010000000000000040000100000000000000400001000000000000004000010000000000000040000100000000000000400001000000000000004000010000000000000040000100000000000000400001000000000000004000010000000000000040000100000000000000400001000000000000004000010000000000
1
4
 
0000000000000400000311111111111114111113000000000000040000030000000000000400000300000000000004000003000000000000040000030000000000000400000300000000000004000003000000000000040000030000000000000400000300000000000004000003222222222222222222230000000000000400000300000000000004000003000000000000040000030000000000000400000300000000000004000003000000000000040000030000000000000400000300000000000004000003
1
2
 
3000020000000000000030000200000000000000300002000000000000003000020000000000000030000200000000000000300002000000000000003000020000000000000030000200000000000000300002000000000000003000020000000000000030000200000000000000300002000000000000003000020000000000000044444244444444444444300002000000000000003000020000000000000030000200000000000000311112111111111111113000020000000000000030000200000000000000
1
4
 
1030000000000000000010300000000000000000103000000000000000001030000000000000000010300000000000000000103000000000000000001030000000000000000010300000000000000000103000000000000000001030000000000000000010300000000000000000103000000000000000001030000000000000000010300000000000000000443444444444444444441030000000000000000012322222222222222222103000000000000000001030000000000000000010300000000000000000
1
4
 
0300000000000000002003000000000000000020030000000000000000200300000000000000002003000000000000000020030000000000000000200300000000000000002003000000000000000020030000000000000000200300000000000000002003000000000000000020030000000000000000201311111111111111112103000000000000000020030000000000000000200300000000000000002044444444444444444424030000000000000000200300000000000000002003000000000000000020
1
4
 
0003000000000040000000030000000000400000000300000000004000000003000000000040000000030000000000400000000300000000004000000003000000000040000000030000000000400000222322222222222222220003000000000040000000030000000000400000000300000000004000000003000000000040000000030000000000400000000300000000004000000003000000000040000000030000000000400000000300000000004000001113111111111141111100030000000000400000
1
2
 
0000000003000040000022222222222222422222000000000300004000000000000003000040000000000000030000400000000000000300004000000000000003000040000000000000030000400000000000000300004000000000000003000040000000000000030000400000000000000300004000000000000003000040000000000000030000400000000000000300004000000000000003000040000000000000030000400000111111111311114111110000000003000040000000000000030000400000
1
2
 
3111111111111111121130000000000000000200300000000000000002003000000000000000020030000000000000000200300000000000000002004444444444444444424430000000000000000200300000000000000002003000000000000000020030000000000000000200300000000000000002003000000000000000020030000000000000000200300000000000000002003000000000000000020030000000000000000200300000000000000002003000000000000000020030000000000000000200
1
4
 
0000103000000000000000001030000000000000000010300000000000000000103000000000000000001030000000000000000010300000000000000000103000000000000000001030000000000000000010300000000000000000103000000000000000001030000000000000000010300000000000000000103000000000000000001030000000000000444444444444444444440000103000000000000022222232222222222222000010300000000000000000103000000000000000001030000000000000
1
3
 
0200000040000000000002000000400000000000020000004000000000000200000040000000000002000000400000000000020000004000000000000200000040000000000012111111111111111111020000004000000000000200000040000000000002000000400000000000020000004000000000003333333333333333333302000000400000000000020000004000000000000200000040000000000002000000400000000000020000004000000000000200000040000000000002000000400000000000
1
2
 
0240000000000000000002400000000000000000024000000000000000003343333333333333333302400000000000000000024000000000000000000240000000000000000002400000000000000000124111111111111111110240000000000000000002400000000000000000024000000000000000000240000000000000000002400000000000000000024000000000000000000240000000000000000002400000000000000000024000000000000000000240000000000000000002400000000000000000
1
3
 
0000030000020000000000000300000200000000111113111112111111110000030000020000000000000300000200000000000003000002000000000000030000020000000000000300000200000000000003000002000000000000030000020000000000000300000200000000000003000002000000000000030000020000000000000300000200000000000003000002000000000000030000020000000000000300000200000000444444444442444444440000030000020000000000000300000200000000
1
4
 
0000001000000000030000000010000000000300000000100000000003000000001000000000030000000010000000000300000000100000000003000000001000000000030000000010000000000300000000100000000003000000001000000000030022222222222222222322000000100000000003000000001000000000030044444444444444444444000000100000000003000000001000000000030000000010000000000300000000100000000003000000001000000000030000000010000000000300
1
3
 
0020030000000000000000200300000000000000002003000000000000000020030000000000000000200300000000000000002003000000000000000020030000000000000000200300000000000000444443444444444444440020030000000000000000200300000000000000002003000000000000000020030000000000000000200300000000000000002003000000000000001121131111111111111100200300000000000000002003000000000000000020030000000000000000200300000000000000
1
4
 
0000300000000000004011113111111111111141000030000000000000400000300000000000004000003000000000000040222232222222222222220000300000000000004000003000000000000040000030000000000000400000300000000000004000003000000000000040000030000000000000400000300000000000004000003000000000000040000030000000000000400000300000000000004000003000000000000040000030000000000000400000300000000000004000003000000000000040
1
2
 
0000000003000000000400000000030000000004000000000300000000040000000003000000000422222222222222222222000000000300000000040000000003000000000400000000030000000004000000000300000000040000000003000000000400000000030000000004000000000300000000040000000003000000000411111111131111111111000000000300000000040000000003000000000400000000030000000004000000000300000000040000000003000000000400000000030000000004
1
3
 
2000000030000000000020000000300000000000200000003000000000004444444444444444444420000000300000000000200000003000000000001111111131111111111120000000300000000000200000003000000000002000000030000000000020000000300000000000200000003000000000002000000030000000000020000000300000000000200000003000000000002000000030000000000020000000300000000000200000003000000000002000000030000000000020000000300000000000
1
3
 
0000030000004000000000000300000040000000222222222222422222220000030000004000000000000300000040000000000003000000400000000000030000004000000000000300000040000000000003000000400000000000030000004000000000000300000040000000000003000000400000000000030000004000000000000300000040000000000003000000400000001111131111114111111100000300000040000000000003000000400000000000030000004000000000000300000040000000
1
2
 
0000010000000000200044444444444444444444000001000000000020000000010000000000200033333333333333332333000001000000000020000000010000000000200000000100000000002000000001000000000020000000010000000000200000000100000000002000000001000000000020000000010000000000200000000100000000002000000001000000000020000000010000000000200000000100000000002000000001000000000020000000010000000000200000000100000000002000
1
2
 
0000000000030000000422222222222222222222000000000003000000040000000000030000000400000000000300000004000000000003000000040000000000030000000400000000000300000004000000000003000000040000000000030000000400000000000300000004000000000003000000041111111111131111111100000000000300000004000000000003000000040000000000030000000400000000000300000004000000000003000000040000000000030000000400000000000300000004
1
3
 
0200400000000000000002004000000000000000020040000000000000000200400000000000000002004000000000000000020040000000000000000200400000000000000002004000000000000000020040000000000000001211111111111111111102004000000000000000020040000000000000000200400000000000000002004000000000000000020040000000000000000200400000000000000033333333333333333333020040000000000000000200400000000000000002004000000000000000
1
2
 
0002000000000000003044444444444444444444000200000000000000300002000000000000003000020000000000000030111111111111111111310002000000000000003000020000000000000030000200000000000000300002000000000000003000020000000000000030000200000000000000300002000000000000003000020000000000000030000200000000000000300002000000000000003000020000000000000030000200000000000000300002000000000000003000020000000000000030
1
3
 
0200000000000000003002000000000000000030020000000000000000300200000000000000003002000000000000000030020000000000000000300200000000000000003002000000000000000030020000000000000000300200000000000000003002000000000000000030020000000000000000300200000000000000003002000000000000000030020000000000000000300200000000000000003002000000000000000030111111111111111111310200000000000000003044444444444444444444
1
3
 
0001000003000000000000010000030000000000000100000300000000004441444443444444444400010000030000000000000100000300000000000001000003000000000000010000030000000000000100000300000000000001000003000000000000010000030000000000000100000300000000000001000003000000000000010000030000000000000100000300000000000001000003000000000000010000030000000000000100000300000000002222222223222222222200010000030000000000
1
2
 
1111111111141111111200000000000400000002000000000004000000020000000000040000000200000000000400000002000000000004000000020000000000040000000200000000000400000002000000000004000000020000000000040000000200000000000400000002000000000004000000020000000000040000000200000000000400000002000000000004000000020000000000040000000233333333333433333333000000000004000000020000000000040000000200000000000400000002
1
3
 
0000000000002000010044444444444424444144000000000000200001000000000000002000010000000000000020000100000000000000200001000000000000002000010000000000000020000100000000000000200001000000000000002000010000000000000020000100000000000000200001000000000000002000010033333333333323333333000000000000200001000000000000002000010000000000000020000100000000000000200001000000000000002000010000000000000020000100
1
3
 
4000000000030000000040000000000300000000400000000003000000004000000000030000000040000000000300000000400000000003000000004000000000030000000040000000000300000000400000000003000000004000000000030000000042222222222322222222400000000003000000004000000000030000000040000000000300000000400000000003000000004000000000030000000040000000000300000000400000000003000000001111111111131111111140000000000300000000
1
1
 
0000000000010000400000000000000100004000000000000001000040000000000000010000400022222222222222222222000000000001000040000000000000010000400000000000000100004000000000000001000040003333333333333333433300000000000100004000000000000001000040000000000000010000400000000000000100004000000000000001000040000000000000010000400000000000000100004000000000000001000040000000000000010000400000000000000100004000
1
4
 
4000000000000100000033333333333333333333400000000000010000004000000000000100000040000000000001000000400000000000010000004000000000000100000040000000000001000000400000000000010000004000000000000100000040000000000001000000400000000000010000004000000000000100000040000000000001000000400000000000010000004000000000000100000040000000000001000000400000000000010000004000000000000100000042222222222222222222
1
4
 
0000000000403000000000000000004030000000111111111111311111110000000000403000000000000000004030000000000000000040300000002222222222423222222200000000004030000000000000000040300000000000000000403000000000000000004030000000000000000040300000000000000000403000000000000000004030000000000000000040300000000000000000403000000000000000004030000000000000000040300000000000000000403000000000000000004030000000
1
1
 
0000040100000000000000000401000000000000000004010000000000002222242222222222222200000401000000000000000004010000000000000000040100000000000000000401000000000000000004010000000000003333333333333333333300000401000000000000000004010000000000000000040100000000000000000401000000000000000004010000000000000000040100000000000000000401000000000000000004010000000000000000040100000000000000000401000000000000
1
4
 
2222212222222222222204000100000000000000040001000000000000000400010000000000000004000100000000000000040001000000000000000400010000000000000004000100000000000000040001000000000000000400010000000000000004000100000000000000040001000000000000000400010000000000000004000100000000000000333333333333333333330400010000000000000004000100000000000000040001000000000000000400010000000000000004000100000000000000
1
1
 
4000000000000000300040000000000000003000400000000000000030004000000000000000300040000000000000003000400000000000000030004000000000000000300040000000000000003000111111111111111131114000000000000000300040000000000000003000400000000000000030004000000000000000300040000000000000003000400000000000000030004000000000000000300040000000000000003000422222222222222232224000000000000000300040000000000000003000
1
1
 
0000000020001000000000000000200010000000444444444444144444440000000020001000000000000000200010000000000000002000100000000000000020001000000000000000200010000000000000002000100000000000000020001000000000000000200010000000000000002000100000000000000020001000000000000000200010000000000000002000100000000000000020001000000033333333333333333333000000002000100000000000000020001000000000000000200010000000
1
1
 
0000000000000200300000000000000002003000444444444444424444440000000000000200300000000000000002003000000000000000020030000000000000000200300000000000000002003000000000000000020030001111111111111211311100000000000002003000000000000000020030000000000000000200300000000000000002003000000000000000020030000000000000000200300000000000000002003000000000000000020030000000000000000200300000000000000002003000
1
4
 
0003000000000001000000030000000000010000444344444444444444440003000000000001000000030000000000010000000300000000000100000003000000000001000000030000000000010000000300000000000100000003000000000001000000030000000000010000000300000000000100000003000000000001000022232222222222212222000300000000000100000003000000000001000000030000000000010000000300000000000100000003000000000001000000030000000000010000
1
4
 
0040000000010000000000400000000100000000333333333333333333330040000000010000000000400000000100000000004000000001000000000040000000010000000000400000000100000000004000000001000000002242222222222222222200400000000100000000004000000001000000000040000000010000000000400000000100000000004000000001000000000040000000010000000000400000000100000000004000000001000000000040000000010000000000400000000100000000
1
4
 
0200400000000000000002004000000000000000020040000000000000003333333333333333333302004000000000000000020040000000000000000200400000000000000002004000000000000000020040000000000000000200400000000000000002004000000000000000020040000000000000000200400000000000000011114111111111111111020040000000000000000200400000000000000002004000000000000000020040000000000000000200400000000000000002004000000000000000
1
4
 
2222222222222222222200000400000001000000000004000000010000003333343333333333333300000400000001000000000004000000010000000000040000000100000000000400000001000000000004000000010000000000040000000100000000000400000001000000000004000000010000000000040000000100000000000400000001000000000004000000010000000000040000000100000000000400000001000000000004000000010000000000040000000100000000000400000001000000
1
4
 
0003000000000400000000030000000004000000000300000000040000000003000000000400000000030000000004000000000300000000040000000003000000000400000000030000000004000000000300000000040000002223222222222422222200030000000004000000000300000000040000000003000000000400000011131111111111111111000300000000040000000003000000000400000000030000000004000000000300000000040000000003000000000400000000030000000004000000
1
1
 
0000400020000000000000004000200000000000000040002000000000001111411111111111111100004000200000000000000040002000000000000000400020000000000000004000200000000000000040002000000000000000400020000000000000004000200000000000000040002000000000000000400020000000000000004000200000000000000040002000000000000000400020000000000000004000200000000000000040002000000000003333333333333333333300004000200000000000
1
4
 
0000000004000000000100000000040000000001000000000400000000010000000004000000000100000000040000000001000000000400000000010000000004000000000100000000040000000001000000000400000000013333333334333333333300000000040000000001000000000400000000010000000004000000000100000000040000000001000000000400000000010000000004000000000122222222222222222222000000000400000000010000000004000000000100000000040000000001
1
4
 
1000300000000000000044443444444444444444100030000000000000001000300000000000000010003000000000000000100030000000000000001000300000000000000012223222222222222222100030000000000000001000300000000000000010003000000000000000100030000000000000001000300000000000000010003000000000000000100030000000000000001000300000000000000010003000000000000000100030000000000000001000300000000000000010003000000000000000
1
4
 
0000001000000002000000000010000000020000000000100000000200000000001000000002000000000010000000020000000000100000000200000000001000000002000000000010000000020000333333333333333333330000001000000002000000000010000000020000000000100000000200000000001000000002000044444414444444444444000000100000000200000000001000000002000000000010000000020000000000100000000200000000001000000002000000000010000000020000
1
1
 
0000003000004000000000000030000040000000000000300000400000000000003000004000000000000030000040000000000000300000400000000000003000004000000000000030000040000000111111311111111111110000003000004000000000000030000040000000000000300000400000000000003000004000000000000030000040000000000000300000400000000000003000004000000000000030000040000000222222322222422222220000003000004000000000000030000040000000
1
1
 
0000001000000200000000000010000002000000000000100000020000000000001000000200000000000010000002000000000000100000020000000000001000000200000000000010000002000000000000100000020000000000001000000200000000000010000002000000000000100000020000000000001000000200000000000010000002000000000000100000020000000000001000000200000044444414444444444444000000100000020000000000001000000200000033333333333333333333
1
1
 
3400000000000000000034000000000000000000340000000000000000003400000000000000000034000000000000000000340000000000000000003400000000000000000034000000000000000000340000000000000000003400000000000000000034000000000000000000340000000000000000003400000000000000000034000000000000000000311111111111111111113400000000000000000034000000000000000000340000000000000000003400000000000000000034222222222222222222
1
1
 
0000020000000000000300000200000000000003000002000000000000030000020000000000000300000200000000000003000002000000000000030000020000000000000300000200000000000003000002000000000000030000020000000000000344444244444444444443000002000000000000030000020000000000000311111111111111111113000002000000000000030000020000000000000300000200000000000003000002000000000000030000020000000000000300000200000000000003
1
1
 
0000000020010000000000000000200100000000000000002001000000000000000020010000000000000000200100000000000000002001000000000000000020010000000000000000200100000000000000002001000000000000000020010000000000000000200100000000000000002001000000000000000020010000000033333333333333333333000000002001000000004444444444414444444400000000200100000000000000002001000000000000000020010000000000000000200100000000
1
1
 
0000000000000001000400000000000000010004000000000000000100040000000000000001000400000000000000010004000000000000000100040000000000000001000400000000000000010004000000000000000100040000000000000001000400000000000000010004000000000000000100042222222222222221222200000000000000010004000000000000000100040000000000000001000400000000000000010004000000000000000100040000000000000001000433333333333333333333
1
1
 
0000000000400000100000000000004000001000222222222222222212220000000000400000100000000000004000001000000000000040000010000000000000400000100000000000004000001000000000000040000010000000000000400000100000000000004000001000000000000040000010003333333333333333333300000000004000001000000000000040000010000000000000400000100000000000004000001000000000000040000010000000000000400000100000000000004000001000
1
1
 
0000300004000000000000003000040000000000222232222422222222220000300004000000000000003000040000000000000030000400000000000000300004000000000000003000040000000000000030000400000000001111311111111111111100003000040000000000000030000400000000000000300004000000000000003000040000000000000030000400000000000000300004000000000000003000040000000000000030000400000000000000300004000000000000003000040000000000
1
1
 
0020000000000300000000200000000003000000002000000000030000000020000000000300000000200000000003000000002000000000030000000020000000000300000000200000000003000000002000000000030000001111111111111311111100200000000003000000002000000000030000000020000000000300000000200000000003000000002000000000030000000020000000000300000000200000000003000000002000000000030000004424444444444344444400200000000003000000
1
1
 
